105,8.6218e+005,0
172,2.1281e+006,0
54,2.5202e+005,0
43,1.9384e+005,0
198,3.6589e+006,0
100,7.4953e+005,0
111,1.003e+006,0
131,1.4958e+006,0
12,28898,0
82,4.8879e+005,0
121,1.2114e+006,0
92,6.2193e+005,0
90,5.7011e+005,0
79,4.3556e+005,0
10,22711,0
79,4.6652e+005,0
17,50775,0
23,79143,0
66,3.3723e+005,0
42,1.8446e+005,0
61,3.1339e+005,0
15,40846,0
5,7570,0
69,3.544e+005,0
23,78485,0
44,2.0997e+005,0
58,2.8667e+005,0
57,2.8066e+005,0
33,1.3541e+005,0
52,2.3908e+005,0
83,5.1275e+005,0
15,41526,0
65,3.2506e+005,0
15,41514,0
25,86022,0
34,1.4854e+005,0
8,15876,0
24,82861,0
14,38441,0
10,22064,0
73,3.8766e+005,0
59,2.9629e+005,0
33,1.3841e+005,0
15,41915,0
38,1.7577e+005,0
13,33169,0
33,1.3993e+005,0
14,37992,0
12,28778,0
8,15857,0
36,1.6341e+005,0
36,1.6208e+005,0
18,55810,0
21,64755,0
33,1.4179e+005,0
14,38395,0
55,2.5811e+005,0
27,93780,0
18,54565,0
29,1.0832e+005,0
20,62041,0
38,1.8326e+005,0
43,1.9733e+005,0
5,7574,0
43,2.0148e+005,0
27,94357,0
22,71990,0
7,12655,0
70,3.7505e+005,0
24,83827,0
13,32527,0
4,5455,0
49,2.2417e+005,0
27,95809,0
96,6.7898e+005,0
16,46306,0
73,4.0368e+005,0
29,1.0806e+005,0
22,71680,0
36,1.6302e+005,0
15,42248,0
28,1.0286e+005,0
30,1.1665e+005,0
14,38734,0
10,22455,0
12,29079,0
7,12571,0
27,96483,0
13,32701,0
8,15854,0
21,65868,0
33,1.4569e+005,0
18,55522,0
45,2.1218e+005,0
39,1.8206e+005,0
6,10180,0
7,12598,0
18,55911,0
21,65751,0
10,22558,0
14,39187,0
5,7609,0
21,67756,0
32,1.3314e+005,0
28,1.0308e+005,0
53,2.4234e+005,0
26,91096,0
28,1.0524e+005,0
22,73634,0
31,1.2806e+005,0
22,72767,0
30,1.1634e+005,0
8,15716,0
24,84791,0
8,16045,0
13,33081,0
25,87079,0
15,41686,0
28,1.0477e+005,0
3,3617,0
8,15807,0
30,1.1867e+005,0
21,67668,0
21,66927,0
4,5528,0
31,1.2884e+005,0
45,2.172e+005,0
9,18915,0
55,2.6884e+005,0
7,12623,0
13,33331,0
22,73172,0
23,78912,0
29,1.1051e+005,0
13,33059,0
22,74816,0
16,46652,0
13,33516,0
30,1.1765e+005,0
12,29336,0
10,22670,0
12,29052,0
14,38113,0
10,22571,0
22,75373,0
32,1.3731e+005,0
7,12686,0
6,9965,0
29,1.1029e+005,0
5,7713,0
12,29520,0
6,9910,0
2,2053,0
13,33182,0
9,19319,0
14,37555,0
9,19483,0
23,79191,0
6,9978,0
9,18894,0
6,9957,0
29,1.1351e+005,0
7,12796,0
10,22483,0
9,19183,0
27,96889,0
7,12669,0
7,12788,0
6,10050,0
12,29722,0
26,91296,0
23,79664,0
37,1.7071e+005,0
27,99230,0
16,46898,0
30,1.2235e+005,0
4,5542,0
16,46362,0
51,2.3028e+005,0
14,39070,0
6,9965,0
29,1.1605e+005,0
13,33670,0
27,98138,0
7,12786,0
9,19140,0
14,39123,0
16,47539,0
12,29590,0
12,28934,0
30,1.2414e+005,0
9,19313,0
13,33296,0
20,62674,0
15,42380,0
19,57307,0
13,33442,0
5,7628,0
34,1.5084e+005,0
25,88212,0
4,5504,0
12,29752,0
21,67363,0
20,62514,0
7,13006,0
15,42204,0
6,10037,0
16,48147,0
15,42303,0
5,7708,0
7,12864,0
25,91486,0
7,12795,0
8,15927,0
24,84682,0
10,22549,0
17,50788,0
5,7762,0
33,1.486e+005,0
10,22845,0
7,12612,0
31,1.3094e+005,0
8,16231,0
11,25743,0
4,5522,0
17,50190,0
6,10066,0
6,10278,0
14,38077,0
8,16090,0
17,50663,0
19,57987,0
21,67834,0
5,7548,0
23,80777,0
17,50169,0
15,42255,0
17,51524,0
6,9862,0
22,74629,0
15,42756,0
7,12653,0
10,22937,0
37,1.7264e+005,0
3,3620,0
10,22874,0
30,1.2594e+005,0
11,25811,0
16,48040,0
7,12738,0
2,2046,0
9,19173,0
14,39735,0
43,2.0137e+005,0
11,26605,0
25,91667,0
14,39471,0
20,63603,0
15,42778,0
14,39315,0
13,33615,0
4,5520,0
9,19382,0
21,69527,0
2,2087,0
4,5419,0
3,3613,0
6,10254,0
10,22822,0
10,22709,0
3,3656,0
19,57911,0
6,10184,0
3,3683,0
10,22832,0
12,29371,0
9,19258,0
19,59761,0
7,12962,0
24,84543,0
4,5607,0
8,15758,0
10,22910,0
6,9934,0
7,12905,0
2,2037,0
11,25814,0
7,13093,0
17,52321,0
11,25849,0
3,3617,0
5,7685,0
10,22982,0
8,15929,0
19,59121,0
28,1.0739e+005,0
3,3584,0
12,29632,0
10,23030,0
12,29559,0
16,48792,0
28,1.0497e+005,0
4,5408,0
8,16069,0
4,5567,0
8,16316,0
3,3620,0
19,59432,0
5,7650,0
9,19292,0
7,12924,0
4,5515,0
12,29608,0
5,7715,0
10,23144,0
15,43273,0
5,7605,0
13,33534,0
10,22909,0
4,5475,0
12,29845,0
13,33964,0
9,19295,0
13,33806,0
12,30242,0
2,2070,0
12,29846,0
5,7591,0
13,33794,0
7,13000,0
11,26552,0
13,34312,0
5,7696,0
13,34452,0
22,76209,0
20,64538,0
6,10158,0
35,1.5349e+005,0
23,80871,0
4,5556,0
22,75855,0
4,5534,0
12,29771,0
16,47697,0
10,23271,0
7,13102,0
5,7791,0
3,3575,0
3,3639,0
9,19800,0
20,64803,0
7,13037,0
6,10229,0
17,51010,0
7,13060,0
27,99733,0
21,68483,0
4,5533,0
2,2073,0
13,34183,0
10,23200,0
24,85887,0
5,7728,0
17,51479,0
8,16010,0
2,2069,0
4,5534,0
10,23185,0
2,2111,0
9,19319,0
7,13209,0
14,39917,0
6,10195,0
9,19263,0
14,39871,0
5,7737,0
30,1.2478e+005,0
8,16109,0
10,23034,0
9,19270,0
14,39323,0
6,10106,0
16,47854,0
4,5594,0
15,43080,0
4,5472,0
2,2088,0
6,10032,0
13,34068,0
5,7804,0
19,60263,0
6,10074,0
6,10164,0
15,43482,0
2,2066,0
11,25722,0
7,12875,0
13,34071,0
12,29508,0
16,47775,0
8,16167,0
12,30099,0
9,19359,0
9,19496,0
15,43680,0
20,63967,0
12,30434,0
8,15850,0
4,5666,0
17,51940,0
6,10267,0
7,12761,0
6,10274,0
8,15989,0
12,30254,0
13,33974,0
4,5513,0
7,13271,0
11,26418,0
9,19698,0
7,13023,0
19,59916,0
12,30056,0
6,10227,0
6,10264,0
11,26859,0
3,3648,0
10,23608,0
15,44372,0
8,16083,0
7,12957,0
5,7623,0
12,30111,0
26,93862,0
3,3644,0
5,7682,0
3,3578,0
4,5512,0
3,3616,0
12,30607,0
16,48545,0
20,63671,0
3,3634,0
10,23251,0
8,16251,0
6,10133,0
7,13084,0
6,10119,0
4,5545,0
9,19355,0
3,3611,0
13,34165,0
3,3610,0
8,16374,0
8,16005,0
6,10314,0
7,13034,0
9,19344,0
11,26175,0
35,1.5643e+005,0
9,19652,0
12,30486,0
3,3615,0
5,7725,0
7,13042,0
5,7652,0
11,25545,0
5,7732,0
5,7643,0
11,26269,0
3,3581,0
16,48603,0
7,13149,0
10,23255,0
7,12960,0
5,7631,0
11,26894,0
6,10169,0
6,10161,0
9,19573,0
21,68911,0
9,19213,0
8,16098,0
9,19476,0
3,3597,0
5,7578,0
5,7670,0
17,51964,0
9,19366,0
10,23362,0
15,43912,0
7,13062,0
8,16504,0
4,5479,0
5,7822,0
12,30410,0
2,2094,0
5,7640,0
13,34624,0
2,2040,0
7,13258,0
11,26400,0
5,7738,0
19,60194,0
5,7767,0
13,35029,0
11,26729,0
2,2097,0
8,16285,0
19,60943,0
4,5614,0
8,16308,0
4,5576,0
12,30836,0
6,10384,0
5,7649,0
16,48841,0
9,19862,0
11,26631,0
10,23094,0
15,44604,0
4,5543,0
5,7618,0
6,10250,0
8,16501,0
3,3549,0
7,13262,0
13,34525,0
6,10285,0
17,52778,0
2,2076,0
2,2042,0
4,5563,0
15,43351,0
9,19767,0
13,35360,0
8,16525,0
6,10205,0
7,13217,0
15,44480,0
8,16234,0
11,27070,0
8,16329,0
15,44412,0
7,13249,0
6,10237,0
7,13177,0
8,16274,0
11,26857,0
10,23378,0
4,5508,0
4,5505,0
8,16669,0
10,23492,0
8,16298,0
7,13349,0
2,2095,0
8,16509,0
8,16233,0
12,30330,0
10,23746,0
19,60481,0
14,39815,0
9,19570,0
3,3617,0
5,7719,0
9,19814,0
6,10233,0
3,3642,0
2,2076,0
8,16286,0
36,1.6977e+005,0
5,7692,0
14,40011,0
21,68889,0
16,49744,0
8,16372,0
13,34788,0
6,10499,0
17,52686,0
9,19706,0
13,35397,0
4,5538,0
2,2102,0
9,19749,0
12,30983,0
9,19645,0
6,10420,0
6,10284,0
9,19913,0
6,10400,0
3,3578,0
3,3623,0
16,50234,0
6,10231,0
7,13266,0
6,10221,0
4,5524,0
5,7720,0
6,10298,0
5,7719,0
2,2091,0
6,10311,0
6,10375,0
4,5608,0
12,30575,0
5,7749,0
10,23711,0
7,12825,0
23,82576,0
7,12934,0
12,31215,0
7,13149,0
7,12973,0
6,10408,0
10,23838,0
2,2066,0
10,23927,0
7,13405,0
10,23602,0
5,7636,0
6,10379,0
3,3605,0
8,16517,0
4,5593,0
11,26782,0
5,7730,0
4,5516,0
15,44478,0
4,5492,0
9,20122,0
4,5546,0
3,3638,0
5,7766,0
15,44309,0
9,20202,0
16,49560,0
8,16467,0
7,13307,0
9,20258,0
4,5565,0
5,7773,0
6,10475,0
6,10354,0
8,16634,0
4,5469,0
15,44654,0
6,10455,0
4,5551,0
6,10375,0
22,75641,0
5,7688,0
6,10325,0
18,54944,0
5,7757,0
2,2088,0
9,19864,0
13,35343,0
11,26485,0
13,35714,0
4,5513,0
4,5602,0
4,5569,0
11,26536,0
12,30979,0
6,10208,0
7,13100,0
9,19833,0
13,35550,0
3,3607,0
14,41048,0
10,23571,0
3,3607,0
15,44630,0
13,35420,0
11,26761,0
6,9971,0
4,5519,0
19,59853,0
7,13066,0
9,19826,0
2,2093,0
3,3595,0
4,5631,0
9,19990,0
6,10483,0
6,10347,0
22,76642,0
5,7532,0
7,13223,0
7,13042,0
6,10145,0
11,26760,0
4,5494,0
2,2115,0
10,23719,0
8,16334,0
6,10423,0
2,2024,0
6,10402,0
8,16650,0
13,35604,0
18,56040,0
3,3625,0
5,7847,0
5,7696,0
6,10296,0
7,13209,0
12,31056,0
11,27242,0
18,56590,0
6,10581,0
7,13410,0
20,65746,0
13,35819,0
7,12979,0
9,20374,0
5,7687,0
9,20262,0
6,10356,0
7,13272,0
8,16489,0
4,5465,0
5,7795,0
9,19925,0
13,35748,0
7,13230,0
26,93837,0
13,36061,0
19,62155,0
8,16598,0
5,7923,0
10,23909,0
17,52633,0
2,2058,0
7,13159,0
8,16613,0
9,20279,0
3,3596,0
6,10490,0
3,3597,0
6,10612,0
13,36403,0
7,13289,0
9,20507,0
2,2033,0
5,7966,0
4,5555,0
10,24370,0
13,35803,0
13,36533,0
3,3638,0
5,7745,0
11,26961,0
3,3631,0
12,30787,0
8,16759,0
14,40638,0
4,5630,0
11,27195,0
9,20288,0
3,3646,0
7,13331,0
9,20278,0
3,3676,0
16,49898,0
13,36434,0
7,13284,0
4,5566,0
8,16839,0
4,5614,0
7,13562,0
4,5441,0
9,19997,0
4,5668,0
10,23468,0
3,3552,0
9,20331,0
18,55685,0
4,5639,0
3,3656,0
24,87300,0
5,7752,0
7,13452,0
7,13337,0
5,7902,0
7,13397,0
8,16559,0
11,27168,0
9,20190,0
5,7632,0
5,7785,0
5,7823,0
10,23936,0
12,30863,0
6,10585,0
2,2095,0
8,16740,0
4,5530,0
3,3665,0
2,2054,0
5,7860,0
6,10476,0
8,16843,0
13,36642,0
3,3628,0
10,24080,0
15,45183,0
7,13416,0
10,24107,0
8,16957,0
6,10363,0
6,10294,0
5,7720,0
4,5563,0
9,20658,0
15,45669,0
10,23928,0
6,10653,0
7,13214,0
5,7774,0
9,20528,0
3,3580,0
4,5641,0
13,36585,0
3,3624,0
6,10394,0
5,7761,0
10,24142,0
4,5604,0
5,7768,0
9,20485,0
5,7926,0
3,3655,0
3,3672,0
8,16942,0
10,24306,0
18,56824,0
4,5618,0
6,10671,0
9,20571,0
3,3658,0
6,10604,0
17,53526,0
9,20316,0
3,3637,0
5,7786,0
8,16799,0
2,2079,0
19,61921,0
13,35948,0
7,13719,0
3,3680,0
2,2038,0
6,10610,0
12,31341,0
4,5576,0
5,7937,0
2,2070,0
7,13289,0
3,3610,0
14,40213,0
4,5559,0
15,45320,0
13,36864,0
6,10567,0
6,10648,0
9,20520,0
2,2097,0
9,20439,0
2,2057,0
7,13443,0
4,5594,0
3,3583,0
5,7958,0
15,45696,0
12,31467,0
2,2072,0
6,10277,0
4,5648,0
10,23809,0
3,3690,0
4,5565,0
10,23825,0
18,56996,0
12,31810,0
4,5526,0
4,5659,0
7,13299,0
4,5500,0
4,5489,0
3,3626,0
6,10577,0
7,13373,0
4,5618,0
5,7791,0
6,10514,0
3,3675,0
18,57475,0
9,20599,0
2,2087,0
8,16866,0
21,70969,0
2,2089,0
4,5631,0
7,13388,0
10,24059,0
16,49579,0
3,3575,0
8,17086,0
4,5557,0
10,23992,0
7,13452,0
11,27584,0
5,7798,0
2,2043,0
3,3690,0
13,36829,0
3,3630,0
2,2067,0
4,5530,0
3,3645,0
5,7737,0
4,5580,0
2,2042,0
7,13336,0
5,7834,0
6,10599,0
3,3639,0
7,13500,0
5,7895,0
7,13567,0
7,13505,0
9,20679,0
4,5656,0
6,10560,0
6,10471,0
9,20765,0
2,2021,0
8,17132,0
5,7823,0
4,5541,0
5,7840,0
8,16715,0
17,53665,0
4,5604,0
4,5607,0
5,7976,0
8,16810,0
2,2080,0
2,2061,0
2,2047,0
8,16925,0
4,5618,0
9,20669,0
8,16868,0
6,10543,0
4,5640,0
4,5568,0
4,5652,0
9,20474,0
2,2053,0
12,31737,0
2,2065,0
9,20468,0
7,13645,0
2,2079,0
9,20753,0
2,2101,0
6,10632,0
6,10718,0
5,7802,0
11,27484,0
6,10654,0
12,31399,0
11,27430,0
3,3622,0
2,2091,0
9,20702,0
4,5674,0
6,10501,0
4,5565,0
6,10434,0
2,2073,0
21,70751,0
11,27557,0
5,7846,0
4,5618,0
3,3661,0
8,16818,0
7,13458,0
20,65583,0
3,3630,0
4,5663,0
5,7848,0
3,3657,0
5,7827,0
12,31845,0
4,5699,0
3,3597,0
11,27621,0
6,10425,0
4,5596,0
4,5594,0
4,5661,0
8,16985,0
3,3675,0
9,21396,0
7,13466,0
4,5649,0
2,2093,0
3,3670,0
10,24111,0
5,7915,0
4,5774,0
2,2073,0
5,8075,0
5,7913,0
4,5693,0
6,10529,0
4,5686,0
13,37561,0
6,10730,0
3,3640,0
3,3651,0
8,16897,0
8,17154,0
4,5713,0
5,7878,0
4,5664,0
4,5655,0
12,31286,0
3,3621,0
2,2082,0
3,3695,0
5,7965,0
15,45698,0
4,5731,0
2,2080,0
2,2081,0
9,20904,0
8,17235,0
8,17165,0
10,24121,0
10,23943,0
2,2098,0
5,7901,0
4,5581,0
3,3641,0
11,27626,0
7,13511,0
6,10626,0
4,5679,0
4,5734,0
4,5676,0
3,3696,0
3,3640,0
5,7851,0
6,10652,0
14,40427,0
4,5615,0
3,3663,0
6,10766,0
3,3691,0
8,17013,0
8,17136,0
8,17468,0
9,20840,0
8,16998,0
8,17263,0
7,13549,0
10,24223,0
4,5723,0
10,24692,0
6,10686,0
3,3669,0
9,20776,0
12,31937,0
2,2095,0
6,10537,0
17,53109,0
5,7810,0
4,5599,0
4,5686,0
3,3711,0
10,24555,0
3,3635,0
7,13450,0
10,24890,0
2,2049,0
9,21085,0
3,3704,0
6,10528,0
6,10773,0
10,24495,0
5,8084,0
4,5663,0
6,10429,0
3,3656,0
9,20917,0
6,10655,0
2,2074,0
6,10710,0
11,27861,0
3,3649,0
9,20880,0
8,17101,0
2,2061,0
7,13535,0
4,5602,0
2,2071,0
10,24757,0
6,10462,0
3,3698,0
9,20945,0
3,3703,0
4,5682,0
4,5634,0
5,7831,0
3,3658,0
5,7855,0
7,13573,0
5,7946,0
4,5647,0
2,2093,0
9,20781,0
11,27652,0
4,5576,0
3,3623,0
5,7910,0
2,2060,0
2,2103,0
3,3736,0
9,20788,0
5,7799,0
4,5661,0
8,17331,0
3,3713,0
3,3584,0
14,40914,0
6,10845,0
5,7927,0
10,24564,0
2,2122,0
8,16883,0
3,3679,0
3,3683,0
3,3604,0
6,10844,0
2,2098,0
4,5720,0
9,20985,0
5,7923,0
6,10813,0
3,3649,0
2,2110,0
7,13563,0
3,3692,0
7,13631,0
9,21184,0
3,3666,0
5,7915,0
5,7950,0
3,3637,0
4,5680,0
4,5639,0
5,7872,0
12,31759,0
6,10716,0
7,13806,0
9,21206,0
3,3671,0
9,21456,0
2,2061,0
2,2057,0
6,10778,0
6,10872,0
17,53693,0
2,2091,0
7,13486,0
4,5769,0
3,3665,0
8,17262,0
2,2080,0
7,13642,0
14,41923,0
9,21132,0
7,13760,0
3,3674,0
2,2082,0
6,10711,0
6,10605,0
3,3690,0
6,10565,0
8,17126,0
6,10680,0
2,2110,0
5,7884,0
11,27850,0
4,5785,0
7,13612,0
3,3635,0
4,5725,0
3,3768,0
3,3622,0
7,13895,0
4,5694,0
4,5672,0
7,13753,0
6,10874,0
3,3661,0
5,7811,0
5,8049,0
2,2065,0
6,10933,0
6,10506,0
7,13870,0
4,5615,0
2,2059,0
3,3626,0
3,3662,0
5,7957,0
7,13714,0
2,2084,0
7,13565,0
22,77563,0
3,3750,0
4,5692,0
7,13760,0
4,5644,0
12,31886,0
4,5732,0
6,10606,0
4,5651,0
3,3634,0
5,7820,0
5,7876,0
5,7864,0
5,8169,0
5,8000,0
6,10945,0
18,56489,0
2,2071,0
6,10754,0
6,10785,0
11,27858,0
7,13540,0
4,5619,0
3,3732,0
5,8086,0
4,5690,0
6,10719,0
11,27853,0
4,5722,0
8,17296,0
10,24515,0
5,8043,0
4,5707,0
7,13836,0
2,2079,0
6,10791,0
3,3686,0
3,3667,0
5,8026,0
7,13957,0
6,11002,0
3,3691,0
5,7859,0
15,46525,0
4,5779,0
3,3711,0
3,3661,0
5,7964,0
4,5761,0
4,5762,0
4,5788,0
5,8011,0
2,2062,0
4,5666,0
2,2059,0
5,8025,0
17,55046,0
19,62248,0
12,32120,0
2,2084,0
3,3647,0
10,24751,0
7,13567,0
7,13986,0
3,3688,0
4,5742,0
6,10742,0
4,5709,0
13,37070,0
6,10886,0
2,2072,0
6,10745,0
6,10722,0
5,7993,0
4,5703,0
7,13752,0
2,2095,0
6,10969,0
8,17246,0
9,21348,0
4,5710,0
4,5651,0
3,3647,0
3,3651,0
8,17219,0
3,3662,0
3,3707,0
2,2064,0
3,3735,0
4,5816,0
6,10643,0
4,5716,0
2,2100,0
7,14208,0
5,8064,0
7,13998,0
3,3676,0
3,3636,0
3,3658,0
4,5733,0
6,10820,0
6,10856,0
2,2046,0
6,10935,0
7,13642,0
3,3721,0
12,31863,0
3,3730,0
3,3699,0
7,13814,0
4,5686,0
3,3712,0
6,10791,0
2,2105,0
2,2085,0
9,21408,0
2,2077,0
5,7961,0
3,3700,0
4,5744,0
7,13901,0
8,17443,0
8,17399,0
4,5697,0
6,10909,0
3,3659,0
10,24795,0
10,24644,0
6,10920,0
9,21250,0
5,7886,0
4,5743,0
7,13655,0
10,25003,0
2,2067,0
8,17312,0
8,17324,0
2,2080,0
2,2068,0
6,10919,0
5,8067,0
4,5646,0
2,2058,0
8,17260,0
3,3635,0
3,3700,0
5,8183,0
3,3622,0
5,8007,0
7,13663,0
7,13992,0
2,2067,0
3,3699,0
4,5739,0
4,5715,0
9,21334,0
2,2050,0
3,3667,0
2,2085,0
7,13988,0
3,3664,0
2,2088,0
3,3682,0
6,10800,0
3,3662,0
4,5810,0
5,8141,0
4,5802,0
5,8113,0
2,2067,0
8,17610,0
2,2074,0
3,3668,0
3,3648,0
2,2080,0
5,8124,0
13,36952,0
6,10876,0
4,5713,0
3,3701,0
4,5707,0
4,5913,0
4,5909,0
5,8144,0
3,3690,0
4,5677,0
3,3711,0
3,3766,0
4,5772,0
5,8252,0
4,5728,0
3,3718,0
3,3764,0
2,2056,0
3,3720,0
2,2092,0
2,2104,0
5,8048,0
7,13920,0
3,3741,0
11,27884,0
4,5804,0
5,7930,0
4,5799,0
6,11065,0
7,13771,0
3,3694,0
6,10842,0
6,10996,0
3,3681,0
7,14279,0
2,2095,0
15,46099,0
2,2081,0
4,5742,0
5,8090,0
4,5755,0
4,5782,0
9,21135,0
7,13948,0
7,14048,0
3,3628,0
6,10907,0
3,3626,0
5,7911,0
2,2101,0
9,21371,0
7,13996,0
9,21509,0
5,8098,0
4,5737,0
8,17454,0
2,2076,0
11,27661,0
12,32280,0
5,8204,0
3,3802,0
7,14207,0
13,37379,0
6,10959,0
6,10951,0
3,3719,0
5,7930,0
2,2100,0
5,7967,0
8,17627,0
4,5693,0
7,14088,0
3,3702,0
2,2107,0
3,3739,0
11,27838,0
7,14158,0
4,5731,0
7,14183,0
5,8220,0
4,5756,0
3,3749,0
5,7988,0
7,14063,0
5,8043,0
7,14079,0
13,37206,0
10,24486,0
6,10993,0
6,10946,0
5,8071,0
4,5826,0
7,13800,0
3,3709,0
8,17188,0
4,5795,0
5,7976,0
9,21623,0
5,8174,0
4,5691,0
11,28250,0
7,14080,0
4,5708,0
7,14078,0
3,3782,0
4,5715,0
3,3735,0
11,27895,0
6,11054,0
4,5801,0
5,7910,0
4,5885,0
3,3730,0
3,3652,0
4,5839,0
8,17353,0
4,5722,0
6,10970,0
4,5779,0
4,5759,0
2,2092,0
3,3686,0
3,3755,0
2,2071,0
3,3779,0
2,2079,0
3,3757,0
5,7993,0
2,2073,0
5,8076,0
4,5766,0
5,8007,0
4,5724,0
12,31835,0
10,24840,0
3,3728,0
11,28211,0
7,13954,0
5,7958,0
4,5822,0
3,3682,0
6,10953,0
6,10939,0
4,5778,0
3,3709,0
9,21364,0
4,5936,0
6,10958,0
5,7955,0
2,2067,0
5,8127,0
9,21444,0
3,3687,0
2,2071,0
5,8051,0
5,8020,0
2,2131,0
11,27703,0
3,3725,0
8,17244,0
4,5839,0
3,3756,0
4,5764,0
6,11068,0
2,2079,0
3,3736,0
5,8067,0
3,3690,0
3,3735,0
2,2087,0
3,3721,0
2,2104,0
3,3686,0
3,3713,0
2,2120,0
4,5745,0
2,2090,0
6,10821,0
4,5886,0
3,3685,0
3,3715,0
3,3718,0
2,2078,0
3,3729,0
3,3628,0
5,7998,0
5,8021,0
10,25204,0
3,3731,0
6,10969,0
7,14123,0
10,25166,0
6,11196,0
3,3760,0
5,8094,0
5,8087,0
3,3718,0
4,5975,0
2,2100,0
4,5762,0
2,2085,0
5,8060,0
3,3756,0
2,2099,0
5,8059,0
7,14295,0
4,5716,0
4,5748,0
2,2079,0
4,5891,0
4,5769,0
4,5887,0
6,10899,0
7,14189,0
5,8277,0
4,5871,0
9,21222,0
2,2100,0
5,8202,0
2,2108,0
3,3764,0
3,3738,0
5,8114,0
3,3756,0
2,2087,0
3,3762,0
4,5766,0
8,18037,0
8,17343,0
5,8200,0
3,3770,0
8,17567,0
5,8079,0
5,8089,0
6,10892,0
4,5789,0
3,3747,0
6,11111,0
6,11090,0
3,3670,0
3,3731,0
3,3719,0
2,2116,0
3,3766,0
15,46212,0
5,8136,0
5,8085,0
6,11215,0
3,3730,0
3,3741,0
3,3718,0
2,2067,0
4,5828,0
5,8073,0
4,5856,0
5,8202,0
7,14240,0
4,5738,0
4,5841,0
7,14356,0
3,3743,0
10,24620,0
3,3747,0
3,3736,0
3,3721,0
3,3797,0
7,14105,0
4,5829,0
7,14165,0
4,5828,0
3,3711,0
8,17569,0
7,14323,0
2,2119,0
4,5778,0
6,11143,0
4,5843,0
5,8247,0
2,2098,0
4,5847,0
8,17310,0
4,5816,0
2,2064,0
2,2079,0
2,2054,0
6,11183,0
4,5748,0
2,2115,0
8,17588,0
5,8182,0
3,3771,0
2,2084,0
10,25317,0
9,21773,0
5,8332,0
7,14239,0
5,8255,0
6,11093,0
5,8172,0
6,11126,0
7,14373,0
5,8054,0
3,3820,0
7,14233,0
7,14043,0
2,2055,0
2,2085,0
6,11126,0
4,5834,0
3,3733,0
3,3740,0
2,2086,0
3,3751,0
5,8224,0
3,3784,0
4,5874,0
6,10919,0
3,3771,0
8,17647,0
7,14281,0
4,5910,0
2,2113,0
6,11189,0
4,5854,0
2,2111,0
3,3749,0
2,2033,0
2,2147,0
6,11164,0
7,14560,0
7,14292,0
4,5910,0
7,14269,0
2,2074,0
3,3761,0
8,17510,0
3,3741,0
4,5917,0
7,14254,0
3,3799,0
2,2089,0
3,3692,0
5,8197,0
2,2126,0
5,8271,0
6,11259,0
3,3755,0
3,3701,0
6,11149,0
11,28064,0
2,2079,0
4,5844,0
2,2107,0
9,21439,0
5,8389,0
3,3702,0
6,11016,0
6,10971,0
2,2099,0
7,14256,0
3,3801,0
5,8132,0
8,17647,0
6,11276,0
5,8209,0
5,8046,0
6,11132,0
2,2098,0
3,3740,0
8,17758,0
8,18005,0
4,5759,0
10,24985,0
3,3719,0
2,2103,0
3,3740,0
3,3832,0
4,5903,0
4,5716,0
6,11130,0
3,3696,0
6,11285,0
8,17710,0
5,8132,0
8,17765,0
2,2079,0
2,2095,0
5,8209,0
6,11160,0
5,8198,0
5,8178,0
3,3814,0
8,17870,0
2,2085,0
3,3727,0
10,25424,0
2,2096,0
7,14186,0
5,8437,0
2,2077,0
7,14178,0
4,5862,0
11,28376,0
2,2035,0
5,8284,0
4,5856,0
4,5793,0
3,3757,0
5,8213,0
4,5869,0
2,2115,0
4,5870,0
5,8308,0
12,33105,0
4,5888,0
2,2117,0
2,2104,0
3,3742,0
3,3816,0
5,8244,0
2,2111,0
4,5877,0
5,8331,0
3,3776,0
5,8298,0
5,8194,0
6,11253,0
7,14633,0
7,14356,0
8,17957,0
3,3799,0
3,3750,0
7,14420,0
2,2115,0
5,8214,0
5,8368,0
2,2107,0
3,3782,0
9,21693,0
3,3746,0
3,3843,0
5,8208,0
4,5775,0
7,14175,0
3,3738,0
3,3847,0
13,37163,0
8,17646,0
2,2049,0
2,2106,0
5,8116,0
5,8296,0
2,2092,0
4,5918,0
3,3741,0
4,5865,0
2,2114,0
5,8188,0
3,3735,0
2,2108,0
5,8267,0
2,2144,0
5,8321,0
8,17834,0
8,17946,0
5,8264,0
2,2081,0
3,3805,0
4,5899,0
3,3761,0
4,5954,0
6,11192,0
10,25968,0
4,5958,0
7,14318,0
3,3850,0
2,2109,0
3,3730,0
2,2088,0
3,3780,0
3,3736,0
2,2102,0
3,3797,0
3,3759,0
4,5915,0
3,3754,0
2,2082,0
6,10875,0
5,8273,0
2,2131,0
4,5868,0
2,2064,0
3,3758,0
2,2091,0
4,5916,0
8,17854,0
5,8217,0
2,2098,0
3,3751,0
5,8134,0
5,8208,0
7,14226,0
2,2115,0
10,25587,0
2,2114,0
7,14260,0
6,11363,0
4,5901,0
13,37683,0
5,8256,0
2,2090,0
7,14625,0
4,5895,0
3,3789,0
3,3785,0
4,5860,0
3,3748,0
3,3751,0
3,3767,0
6,11253,0
4,5831,0
3,3847,0
3,3715,0
7,14571,0
4,5827,0
4,5955,0
3,3820,0
3,3769,0
4,5936,0
5,8386,0
3,3707,0
7,14595,0
4,5869,0
3,3790,0
2,2098,0
2,2064,0
5,8191,0
9,21823,0
7,14392,0
4,5895,0
5,8259,0
2,2136,0
3,3775,0
3,3812,0
5,8353,0
3,3756,0
8,17864,0
5,8368,0
3,3797,0
4,5874,0
10,25314,0
3,3772,0
3,3826,0
3,3718,0
3,3795,0
3,3817,0
3,3797,0
2,2078,0
7,14434,0
4,5786,0
5,8316,0
10,25474,0
5,8306,0
2,2070,0
3,3881,0
2,2132,0
3,3787,0
3,3813,0
4,5858,0
4,5877,0
4,5976,0
3,3766,0
2,2089,0
5,8604,0
2,2067,0
4,6014,0
2,2135,0
5,8430,0
9,21617,0
6,11156,0
2,2117,0
4,5811,0
7,14631,0
5,8376,0
7,14718,0
8,17866,0
3,3751,0
5,8377,0
2,2091,0
3,3794,0
5,8320,0
11,28241,0
10,25571,0
3,3755,0
9,21463,0
12,32087,0
6,11199,0
2,2126,0
8,17755,0
5,8530,0
7,14620,0
3,3833,0
4,5930,0
5,8365,0
6,11200,0
3,3765,0
4,5992,0
5,8147,0
6,11284,0
2,2106,0
3,3837,0
4,5881,0
3,3782,0
2,2092,0
4,5956,0
14,40870,0
2,2128,0
2,2122,0
5,8466,0
6,11334,0
3,3812,0
6,11118,0
2,2091,0
2,2090,0
3,3744,0
2,2117,0
11,28496,0
3,3833,0
4,5837,0
9,21928,0
2,2111,0
7,14409,0
5,8433,0
3,3766,0
5,8347,0
3,3710,0
4,5832,0
4,5942,0
9,21824,0
6,11460,0
3,3781,0
5,8389,0
10,25708,0
3,3744,0
3,3797,0
4,5992,0
6,11307,0
3,3838,0
5,8302,0
3,3763,0
9,21633,0
11,29039,0
5,8252,0
5,8390,0
2,2129,0
7,14657,0
4,5950,0
6,11193,0
4,5968,0
4,5960,0
12,31931,0
5,8315,0
6,11298,0
7,14610,0
5,8290,0
5,8371,0
4,5948,0
3,3822,0
7,14545,0
2,2062,0
5,8350,0
4,5999,0
5,8437,0
4,5870,0
6,11444,0
5,8260,0
2,2121,0
5,8406,0
3,3822,0
4,5906,0
2,2108,0
2,2143,0
4,5902,0
4,5912,0
8,18225,0
5,8442,0
5,8469,0
5,8479,0
4,5914,0
7,14582,0
4,6013,0
10,24910,0
6,11212,0
6,11197,0
3,3757,0
2,2106,0
3,3742,0
4,5984,0
4,6043,0
4,5925,0
7,14482,0
3,3789,0
4,5883,0
5,8715,0
2,2083,0
5,8611,0
3,3784,0
4,5927,0
2,2124,0
2,2100,0
3,3844,0
2,2056,0
5,8405,0
4,5933,0
3,3764,0
4,6008,0
5,8406,0
7,14440,0
7,14453,0
6,11125,0
2,2089,0
3,3778,0
3,3750,0
2,2107,0
6,11222,0
2,2115,0
12,32262,0
5,8541,0
5,8483,0
2,2070,0
3,3791,0
4,5911,0
6,11231,0
3,3802,0
6,11346,0
3,3772,0
4,5965,0
3,3757,0
10,25230,0
2,2108,0
2,2102,0
4,5955,0
4,5860,0
3,3800,0
4,6022,0
6,11271,0
2,2142,0
4,5978,0
5,8505,0
7,14673,0
6,11419,0
3,3816,0
3,3814,0
4,5965,0
3,3758,0
2,2108,0
5,8421,0
3,3789,0
7,14538,0
6,11533,0
3,3748,0
2,2099,0
6,11415,0
5,8522,0
7,14843,0
7,14792,0
2,2131,0
6,11483,0
2,2126,0
4,5983,0
5,8541,0
3,3814,0
4,6011,0
4,6037,0
7,14659,0
6,11550,0
3,3805,0
6,11336,0
5,8314,0
3,3826,0
2,2116,0
2,2119,0
6,11229,0
2,2116,0
2,2091,0
3,3818,0
11,28427,0
5,8464,0
7,14637,0
2,2116,0
7,14872,0
4,6092,0
8,17896,0
5,8496,0
5,8480,0
3,3783,0
2,2082,0
2,2103,0
4,5890,0
3,3832,0
6,11367,0
6,11406,0
4,6008,0
4,5908,0
4,5977,0
7,14974,0
3,3806,0
3,3839,0
6,11381,0
3,3820,0
5,8483,0
4,5991,0
7,14749,0
3,3854,0
2,2111,0
4,5953,0
7,14588,0
5,8334,0
3,3837,0
3,3786,0
3,3781,0
3,3805,0
9,22257,0
4,6099,0
7,14685,0
2,2126,0
2,2121,0
2,2107,0
5,8556,0
4,6034,0
4,6040,0
8,17894,0
3,3770,0
5,8518,0
5,8410,0
8,18340,0
3,3839,0
3,3755,0
2,2101,0
2,2102,0
2,2136,0
4,6020,0
7,14672,0
13,37527,0
2,2115,0
2,2089,0
5,8519,0
3,3852,0
2,2065,0
2,2124,0
2,2095,0
2,2086,0
5,8418,0
13,37495,0
3,3729,0
2,2114,0
3,3764,0
8,18258,0
6,11617,0
4,5972,0
2,2131,0
3,3874,0
2,2124,0
4,6024,0
6,11396,0
12,33129,0
5,8380,0
4,6062,0
3,3849,0
2,2088,0
4,6078,0
2,2102,0
11,28025,0
3,3842,0
3,3721,0
2,2098,0
3,3812,0
5,8453,0
3,3808,0
4,5897,0
4,6077,0
2,2073,0
3,3863,0
7,14894,0
8,18195,0
2,2165,0
4,6045,0
6,11524,0
3,3826,0
5,8494,0
2,2088,0
3,3769,0
2,2112,0
7,15023,0
3,3813,0
5,8531,0
3,3790,0
2,2135,0
2,2117,0
7,14665,0
8,17883,0
6,11630,0
2,2101,0
2,2128,0
5,8524,0
4,6045,0
8,18087,0
4,5961,0
3,3802,0
7,14920,0
4,6026,0
4,6076,0
2,2125,0
5,8456,0
4,6061,0
4,5954,0
2,2129,0
4,6048,0
9,21782,0
3,3828,0
3,3860,0
9,22091,0
5,8582,0
5,8659,0
5,8411,0
5,8522,0
2,2156,0
7,14903,0
2,2120,0
6,11398,0
3,3800,0
8,18125,0
6,11567,0
3,3805,0
9,22270,0
2,2136,0
3,3825,0
8,18181,0
2,2099,0
2,2105,0
4,6103,0
2,2141,0
2,2108,0
2,2138,0
9,22313,0
5,8514,0
2,2128,0
6,11463,0
2,2089,0
2,2110,0
2,2105,0
2,2114,0
6,11526,0
3,3813,0
2,2110,0
8,17812,0
3,3844,0
4,6026,0
4,6063,0
4,5904,0
4,5901,0
4,5941,0
2,2113,0
8,18023,0
8,18157,0
3,3818,0
2,2119,0
10,25762,0
2,2110,0
4,6155,0
3,3871,0
4,6016,0
5,8584,0
3,3728,0
2,2097,0
5,8545,0
4,6045,0
2,2094,0
4,5986,0
4,6005,0
2,2096,0
2,2134,0
8,18090,0
4,6083,0
2,2112,0
3,3791,0
3,3822,0
4,5948,0
2,2106,0
2,2129,0
7,15129,0
2,2134,0
2,2118,0
7,15202,0
5,8504,0
7,14873,0
5,8486,0
7,14908,0
4,5997,0
5,8567,0
2,2138,0
2,2141,0
3,3858,0
7,15249,0
5,8499,0
4,6083,0
7,14957,0
6,11630,0
2,2088,0
4,6038,0
2,2102,0
13,37853,0
5,8472,0
2,2110,0
4,6024,0
7,15134,0
2,2105,0
7,15010,0
10,26000,0
3,3845,0
7,15047,0
3,3825,0
2,2118,0
2,2143,0
4,6002,0
5,8600,0
6,11442,0
5,8673,0
6,11462,0
2,2104,0
4,6051,0
6,11436,0
6,11612,0
4,5994,0
2,2123,0
4,6011,0
4,6060,0
6,11564,0
2,2121,0
2,2095,0
5,8531,0
2,2105,0
5,8640,0
2,2113,0
7,15156,0
5,8659,0
7,14705,0
13,38526,0
4,6160,0
2,2117,0
9,21734,0
4,6125,0
3,3826,0
7,15056,0
5,8561,0
3,3847,0
2,2150,0
5,8705,0
5,8586,0
3,3869,0
5,8647,0
2,2117,0
3,3883,0
2,2149,0
8,18279,0
2,2134,0
7,14788,0
3,3846,0
10,25508,0
2,2101,0
2,2133,0
5,8581,0
3,3832,0
2,2122,0
3,3850,0
2,2091,0
4,6085,0
2,2109,0
4,6002,0
2,2159,0
4,6072,0
2,2101,0
5,8654,0
2,2112,0
4,6128,0
6,11673,0
4,6051,0
4,6113,0
3,3786,0
4,6053,0
6,11746,0
3,3879,0
3,3839,0
5,8490,0
2,2118,0
3,3845,0
4,6164,0
4,5953,0
2,2118,0
4,6031,0
2,2125,0
8,18040,0
3,3796,0
3,3874,0
6,11558,0
2,2119,0
2,2125,0
3,3707,0
2,2105,0
4,6059,0
4,6021,0
3,3829,0
6,11650,0
3,3829,0
3,3910,0
3,3904,0
4,6161,0
5,8688,0
4,5959,0
5,8553,0
5,8622,0
3,3832,0
4,6133,0
3,3764,0
3,3879,0
4,6028,0
3,3740,0
8,18757,0
5,8691,0
2,2126,0
2,2125,0
4,6120,0
5,8803,0
5,8679,0
3,3819,0
7,15179,0
4,6067,0
2,2108,0
4,6080,0
2,2141,0
4,6139,0
4,6084,0
4,6056,0
2,2150,0
5,8760,0
7,14940,0
3,3825,0
4,6134,0
2,2084,0
3,3837,0
2,2130,0
6,11377,0
2,2081,0
4,6171,0
2,2123,0
2,2133,0
2,2104,0
3,3926,0
6,11519,0
3,3804,0
3,3881,0
2,2128,0
3,3900,0
4,6155,0
6,11659,0
3,3858,0
2,2081,0
4,6056,0
5,8725,0
4,6063,0
2,2126,0
7,15141,0
2,2134,0
5,8590,0
3,3904,0
3,3889,0
4,6054,0
7,14813,0
3,3935,0
8,18579,0
5,8533,0
4,6174,0
2,2156,0
3,3836,0
7,14974,0
4,6181,0
6,11491,0
4,6016,0
10,25444,0
2,2134,0
4,6137,0
3,3869,0
6,11394,0
4,6138,0
8,18375,0
3,3888,0
2,2145,0
4,6096,0
2,2128,0
7,15078,0
2,2137,0
7,15529,0
7,15100,0
3,3865,0
3,3889,0
4,6183,0
5,8653,0
5,8677,0
3,3790,0
6,11362,0
7,15225,0
2,2093,0
4,6154,0
3,3849,0
9,22008,0
4,6167,0
4,6224,0
3,3913,0
2,2133,0
3,3895,0
4,6226,0
3,3916,0
13,38328,0
2,2106,0
3,3858,0
3,3848,0
3,3843,0
3,3788,0
4,6184,0
3,3790,0
6,11653,0
4,6136,0
3,3884,0
2,2108,0
7,15145,0
2,2143,0
2,2125,0
2,2122,0
5,8699,0
2,2095,0
4,6153,0
5,8781,0
2,2123,0
3,3863,0
4,6154,0
4,6126,0
3,3823,0
3,3910,0
4,6189,0
8,18294,0
4,6103,0
6,11555,0
3,3926,0
8,18541,0
3,3882,0
2,2153,0
3,3853,0
5,8777,0
4,6179,0
3,3903,0
4,6199,0
5,8685,0
8,18345,0
2,2145,0
6,11645,0
3,3841,0
4,6114,0
3,3919,0
6,11629,0
5,8746,0
3,3868,0
2,2136,0
2,2152,0
4,6301,0
5,8623,0
4,6139,0
6,11726,0
6,11496,0
5,8681,0
2,2138,0
3,3855,0
9,22297,0
8,18428,0
2,2111,0
3,3869,0
2,2102,0
2,2136,0
3,3824,0
5,8624,0
6,11691,0
2,2146,0
3,3839,0
4,6112,0
5,8880,0
3,3903,0
9,22396,0
6,11868,0
5,8707,0
2,2117,0
2,2129,0
3,3831,0
2,2157,0
2,2145,0
3,3867,0
3,3915,0
2,2138,0
5,8548,0
4,6183,0
6,11640,0
4,6077,0
8,18480,0
6,11598,0
4,6053,0
2,2135,0
2,2137,0
5,8682,0
4,6131,0
4,6168,0
2,2166,0
2,2165,0
4,6267,0
4,6151,0
8,18281,0
5,8718,0
4,6290,0
2,2111,0
2,2117,0
3,3872,0
3,3880,0
3,3921,0
4,6253,0
2,2127,0
4,6118,0
8,18725,0
2,2144,0
5,8785,0
3,3873,0
3,3907,0
4,6147,0
3,3839,0
2,2066,0
4,6212,0
6,11654,0
2,2121,0
7,15174,0
7,15431,0
4,6125,0
7,15230,0
3,3777,0
7,15411,0
4,6147,0
4,6144,0
2,2162,0
4,6055,0
3,3893,0
2,2142,0
3,3885,0
5,8688,0
4,6284,0
3,3923,0
5,8710,0
4,6208,0
4,6259,0
3,3901,0
3,3831,0
5,8796,0
2,2126,0
4,6234,0
2,2094,0
2,2126,0
5,8769,0
4,6275,0
5,8775,0
4,6153,0
3,3859,0
3,3813,0
7,15458,0
3,3895,0
3,3944,0
2,2140,0
2,2107,0
3,3825,0
4,6298,0
3,3950,0
3,3870,0
2,2177,0
5,8916,0
3,3940,0
2,2144,0
3,3909,0
3,3872,0
3,3890,0
3,3970,0
7,15445,0
3,3888,0
4,6236,0
6,11776,0
6,11589,0
3,3884,0
2,2149,0
3,3859,0
5,8730,0
4,6155,0
6,11760,0
5,8804,0
4,6248,0
2,2153,0
2,2160,0
5,8677,0
2,2137,0
2,2152,0
2,2100,0
3,3906,0
7,15463,0
3,3891,0
4,6074,0
2,2137,0
5,8902,0
2,2124,0
4,6192,0
3,3911,0
2,2116,0
3,3890,0
2,2104,0
8,18157,0
3,3935,0
3,3901,0
2,2139,0
2,2151,0
3,3907,0
2,2110,0
2,2124,0
4,6299,0
3,3864,0
2,2109,0
3,3933,0
2,2133,0
4,6227,0
5,8759,0
3,3854,0
2,2134,0
2,2119,0
7,15489,0
8,18423,0
2,2146,0
3,3958,0
6,11765,0
2,2124,0
6,11708,0
5,8769,0
3,3915,0
2,2169,0
5,8678,0
2,2157,0
6,11896,0
4,6233,0
3,3968,0
4,6255,0
5,8768,0
4,6168,0
2,2161,0
7,15214,0
2,2151,0
6,11742,0
3,3811,0
3,3949,0
2,2147,0
4,6343,0
5,8836,0
2,2145,0
5,8972,0
5,8771,0
3,3962,0
4,6302,0
2,2159,0
3,3935,0
4,6124,0
2,2079,0
4,6319,0
5,8743,0
12,32735,0
5,8813,0
4,6227,0
2,2121,0
3,3885,0
3,3879,0
10,25315,0
6,11801,0
5,8908,0
3,3892,0
2,2138,0
2,2112,0
2,2111,0
2,2140,0
3,3897,0
5,8841,0
3,3887,0
3,3904,0
4,6184,0
5,8764,0
4,6196,0
2,2133,0
2,2111,0
3,3882,0
5,8832,0
2,2165,0
3,3891,0
2,2145,0
2,2119,0
3,3957,0
2,2159,0
4,6139,0
7,15456,0
3,3907,0
8,18760,0
6,11742,0
11,28558,0
8,18833,0
2,2147,0
4,6239,0
3,3898,0
4,6213,0
2,2115,0
3,3870,0
2,2164,0
2,2140,0
3,3899,0
3,3927,0
8,18784,0
3,3959,0
9,21777,0
2,2113,0
4,6131,0
6,11832,0
3,3897,0
2,2123,0
4,6162,0
5,8884,0
3,3921,0
3,3901,0
2,2092,0
2,2119,0
5,8681,0
3,3934,0
4,6159,0
2,2140,0
7,15213,0
3,3871,0
7,15564,0
2,2132,0
4,6227,0
6,11769,0
3,3940,0
2,2105,0
2,2143,0
2,2132,0
4,6219,0
7,15079,0
3,3938,0
2,2173,0
2,2133,0
4,6328,0
2,2159,0
2,2167,0
5,8833,0
5,8770,0
3,3963,0
3,3959,0
4,6290,0
3,3917,0
3,3931,0
5,8971,0
2,2142,0
4,6346,0
5,8943,0
2,2125,0
3,3881,0
2,2156,0
4,6254,0
5,8804,0
5,8962,0
4,6287,0
4,6311,0
7,15354,0
4,6334,0
3,3915,0
4,6247,0
3,3967,0
2,2165,0
4,6310,0
2,2161,0
2,2137,0
2,2118,0
4,6299,0
8,18983,0
6,11708,0
3,3940,0
2,2174,0
6,12010,0
2,2134,0
4,6286,0
3,3878,0
2,2143,0
2,2140,0
3,3883,0
2,2131,0
3,3939,0
2,2114,0
6,11677,0
4,6232,0
2,2176,0
4,6381,0
6,11896,0
3,3974,0
2,2131,0
8,18693,0
2,2120,0
7,15447,0
4,6270,0
3,3927,0
3,3959,0
2,2150,0
2,2174,0
4,6210,0
4,6227,0
4,6214,0
11,28652,0
4,6391,0
3,3908,0
2,2142,0
2,2161,0
3,3964,0
3,3987,0
3,3909,0
8,18502,0
2,2175,0
2,2117,0
2,2134,0
5,8787,0
5,8834,0
4,6202,0
6,11685,0
3,3968,0
4,6235,0
3,3907,0
2,2136,0
4,6242,0
2,2166,0
4,6237,0
4,6306,0
3,3954,0
5,8941,0
3,3931,0
3,3983,0
3,3937,0
4,6390,0
5,8852,0
4,6255,0
2,2104,0
5,8815,0
4,6234,0
5,9055,0
7,15592,0
2,2120,0
3,3976,0
2,2180,0
2,2151,0
8,18874,0
2,2140,0
4,6215,0
4,6291,0
6,11687,0
3,4012,0
5,8876,0
4,6250,0
2,2147,0
5,8860,0
5,8755,0
5,9015,0
5,8864,0
3,3998,0
2,2156,0
3,3948,0
2,2132,0
3,3870,0
2,2143,0
3,3914,0
4,6310,0
2,2156,0
2,2157,0
7,15521,0
2,2181,0
3,3939,0
3,3907,0
4,6379,0
4,6304,0
2,2148,0
3,3981,0
2,2124,0
2,2173,0
3,3955,0
5,8924,0
5,8916,0
4,6398,0
4,6230,0
2,2175,0
5,8922,0
2,2154,0
3,3928,0
5,8905,0
5,8963,0
3,3991,0
4,6439,0
8,18585,0
5,8937,0
3,3938,0
2,2125,0
2,2137,0
3,3953,0
3,3945,0
3,3975,0
6,11755,0
2,2148,0
3,3961,0
2,2147,0
5,8907,0
4,6299,0
2,2167,0
2,2131,0
4,6421,0
3,3950,0
5,8821,0
3,3980,0
3,3956,0
3,3967,0
4,6434,0
7,15508,0
3,3921,0
5,8847,0
2,2126,0
2,2167,0
2,2131,0
5,9004,0
2,2115,0
2,2125,0
6,11953,0
3,3943,0
2,2161,0
4,6385,0
3,3969,0
7,15489,0
3,3938,0
2,2157,0
3,3932,0
5,8978,0
3,4005,0
4,6250,0
3,4020,0
3,3990,0
5,8952,0
4,6328,0
3,3969,0
3,4040,0
3,3993,0
2,2142,0
4,6356,0
4,6213,0
3,4016,0
7,15219,0
4,6438,0
2,2126,0
5,9185,0
2,2172,0
3,4037,0
2,2190,0
4,6306,0
2,2143,0
2,2149,0
3,3996,0
5,8879,0
4,6430,0
4,6254,0
5,8866,0
2,2191,0
2,2135,0
5,9049,0
4,6320,0
2,2147,0
3,3940,0
4,6400,0
2,2156,0
3,3923,0
4,6261,0
2,2151,0
2,2168,0
2,2142,0
2,2133,0
2,2142,0
2,2107,0
4,6341,0
3,4000,0
2,2215,0
5,9022,0
2,2152,0
5,9181,0
4,6321,0
2,2152,0
5,8976,0
6,11915,0
4,6317,0
3,4063,0
4,6402,0
2,2178,0
4,6219,0
4,6272,0
2,2170,0
5,8985,0
2,2160,0
3,3911,0
3,3975,0
2,2192,0
2,2145,0
4,6457,0
3,3974,0
5,8984,0
2,2177,0
4,6292,0
4,6470,0
2,2148,0
7,15482,0
2,2136,0
9,22453,0
2,2166,0
4,6364,0
5,8985,0
3,3944,0
2,2160,0
2,2180,0
4,6364,0
6,11950,0
2,2184,0
4,6398,0
4,6438,0
2,2163,0
4,6337,0
2,2144,0
4,6324,0
5,8949,0
2,2124,0
3,4004,0
5,8838,0
4,6457,0
5,8986,0
2,2182,0
4,6485,0
5,9102,0
2,2152,0
4,6379,0
2,2175,0
2,2149,0
3,4009,0
5,8923,0
3,3929,0
2,2154,0
5,8833,0
6,11819,0
3,3954,0
4,6486,0
2,2167,0
2,2170,0
2,2143,0
3,3908,0
2,2179,0
2,2198,0
2,2159,0
2,2159,0
3,3999,0
3,3951,0
3,3956,0
6,11764,0
3,3960,0
5,9156,0
3,3960,0
2,2156,0
2,2196,0
2,2150,0
6,11969,0
4,6423,0
3,3960,0
9,22255,0
3,4055,0
5,9122,0
5,8929,0
2,2178,0
2,2187,0
3,3971,0
3,4039,0
3,3907,0
3,4000,0
5,9152,0
4,6383,0
5,9012,0
2,2169,0
2,2138,0
4,6399,0
2,2174,0
3,4057,0
2,2133,0
6,11759,0
6,11919,0
3,4016,0
3,3980,0
2,2169,0
4,6368,0
6,11801,0
5,9028,0
4,6486,0
3,3967,0
3,4055,0
2,2193,0
2,2173,0
3,3986,0
3,4003,0
2,2151,0
5,8979,0
2,2163,0
5,9264,0
3,3979,0
3,4009,0
2,2177,0
3,3948,0
2,2192,0
3,4020,0
4,6523,0
3,4001,0
3,3999,0
5,9233,0
3,4017,0
5,9229,0
4,6380,0
4,6404,0
3,3920,0
3,3985,0
4,6352,0
3,4004,0
5,9144,0
4,6541,0
2,2167,0
2,2155,0
2,2151,0
2,2164,0
3,4007,0
3,3995,0
2,2153,0
2,2155,0
2,2187,0
2,2150,0
4,6425,0
2,2149,0
3,3995,0
7,15702,0
2,2154,0
6,11770,0
3,3979,0
4,6384,0
3,4033,0
7,15499,0
2,2198,0
8,18860,0
4,6469,0
3,4018,0
2,2159,0
2,2186,0
5,9009,0
3,4006,0
2,2152,0
4,6349,0
5,9177,0
2,2147,0
2,2157,0
2,2174,0
4,6376,0
11,28823,0
2,2176,0
4,6435,0
4,6348,0
3,3950,0
2,2165,0
2,2186,0
4,6524,0
3,3975,0
3,3987,0
2,2159,0
2,2165,0
2,2171,0
2,2149,0
3,4050,0
3,3933,0
3,3981,0
4,6400,0
2,2128,0
4,6419,0
2,2152,0
4,6331,0
2,2154,0
2,2170,0
2,2125,0
2,2145,0
2,2134,0
3,4037,0
2,2189,0
2,2189,0
2,2199,0
3,4008,0
6,12086,0
2,2147,0
3,4026,0
5,8900,0
2,2178,0
2,2188,0
2,2132,0
3,4014,0
3,4084,0
2,2158,0
4,6417,0
6,12015,0
3,3977,0
4,6408,0
2,2177,0
6,11761,0
4,6513,0
4,6362,0
5,9161,0
2,2140,0
2,2177,0
5,9114,0
5,9085,0
6,11975,0
5,9008,0
3,3985,0
3,3977,0
3,3996,0
3,4027,0
3,4030,0
6,12017,0
2,2198,0
6,12019,0
6,11973,0
3,3972,0
5,9135,0
3,3993,0
8,18827,0
2,2172,0
3,4033,0
3,4117,0
3,4099,0
6,11971,0
3,4070,0
2,2164,0
3,4040,0
2,2158,0
3,4089,0
2,2156,0
2,2203,0
4,6444,0
3,4037,0
2,2168,0
2,2200,0
2,2172,0
4,6471,0
4,6488,0
4,6482,0
2,2146,0
2,2194,0
2,2179,0
2,2195,0
3,3990,0
2,2206,0
6,12124,0
8,18864,0
2,2157,0
2,2180,0
2,2205,0
3,4049,0
2,2123,0
3,3987,0
5,9051,0
2,2173,0
2,2194,0
2,2163,0
10,25691,0
2,2162,0
3,4015,0
2,2166,0
4,6357,0
2,2159,0
4,6498,0
3,4058,0
2,2172,0
2,2181,0
3,3993,0
4,6445,0
5,9300,0
2,2171,0
2,2152,0
3,4029,0
2,2222,0
2,2182,0
2,2176,0
2,2215,0
2,2156,0
4,6520,0
3,4067,0
3,4075,0
3,4022,0
5,9239,0
3,4056,0
4,6432,0
3,3998,0
2,2186,0
4,6528,0
2,2173,0
2,2189,0
7,15460,0
4,6435,0
3,4053,0
3,4061,0
5,9033,0
2,2184,0
5,9021,0
2,2220,0
4,6376,0
3,4060,0
5,9065,0
3,4005,0
4,6444,0
2,2196,0
3,4061,0
2,2146,0
2,2174,0
4,6410,0
8,19196,0
2,2172,0
4,6354,0
3,4028,0
6,11872,0
4,6548,0
3,4008,0
3,3995,0
4,6491,0
2,2206,0
2,2146,0
2,2189,0
2,2195,0
3,4078,0
4,6396,0
3,4028,0
4,6473,0
2,2200,0
3,4038,0
2,2216,0
2,2186,0
4,6479,0
3,4053,0
4,6555,0
5,9096,0
2,2157,0
2,2177,0
2,2203,0
3,4000,0
3,4012,0
6,11911,0
3,4066,0
4,6523,0
3,4132,0
6,11966,0
7,15776,0
2,2191,0
2,2226,0
2,2176,0
8,18846,0
3,4043,0
8,18937,0
2,2200,0
4,6452,0
3,4002,0
5,9064,0
4,6500,0
5,9148,0
3,4056,0
3,4083,0
2,2185,0
5,9037,0
2,2180,0
2,2189,0
2,2183,0
2,2181,0
4,6551,0
3,4005,0
5,9120,0
2,2168,0
4,6458,0
2,2209,0
7,15530,0
3,4111,0
3,4048,0
2,2200,0
5,9174,0
6,12032,0
2,2159,0
2,2181,0
4,6509,0
4,6540,0
2,2175,0
3,4074,0
4,6514,0
4,6426,0
7,15565,0
2,2188,0
2,2197,0
2,2209,0
2,2149,0
4,6535,0
5,9074,0
2,2158,0
2,2196,0
2,2182,0
6,12173,0
2,2155,0
4,6556,0
2,2174,0
3,4013,0
2,2183,0
6,12071,0
5,9221,0
4,6536,0
3,4073,0
2,2121,0
3,4018,0
3,4056,0
3,4105,0
3,4041,0
3,4019,0
3,4057,0
2,2196,0
2,2159,0
3,4081,0
4,6491,0
5,9115,0
4,6550,0
2,2187,0
2,2182,0
3,4105,0
5,9228,0
2,2191,0
2,2217,0
5,9152,0
5,9163,0
4,6433,0
3,4109,0
2,2191,0
2,2211,0
3,4081,0
2,2186,0
3,4027,0
2,2192,0
4,6552,0
2,2203,0
3,4072,0
8,18767,0
2,2212,0
4,6580,0
3,4054,0
2,2188,0
3,4118,0
5,9188,0
4,6491,0
2,2199,0
2,2180,0
2,2203,0
3,3988,0
3,3928,0
2,2227,0
2,2171,0
2,2177,0
3,4015,0
3,4049,0
5,9266,0
3,4030,0
5,9138,0
2,2192,0
3,4069,0
9,22360,0
2,2184,0
4,6538,0
3,4090,0
3,4067,0
2,2177,0
4,6606,0
3,4036,0
3,4070,0
6,12211,0
4,6595,0
2,2197,0
3,4059,0
3,4059,0
3,4077,0
2,2201,0
3,4044,0
4,6633,0
3,4003,0
3,4039,0
2,2168,0
5,9148,0
5,9234,0
4,6546,0
3,4075,0
3,4080,0
4,6392,0
2,2181,0
3,4059,0
3,4089,0
4,6538,0
3,4035,0
2,2178,0
2,2195,0
3,4114,0
4,6558,0
4,6579,0
3,4065,0
3,4093,0
3,4094,0
6,12342,0
2,2168,0
4,6560,0
5,9379,0
2,2239,0
4,6534,0
8,18605,0
2,2204,0
3,4099,0
2,2189,0
2,2220,0
2,2212,0
5,9183,0
4,6544,0
2,2188,0
2,2194,0
3,4153,0
3,4107,0
2,2202,0
4,6567,0
5,9154,0
2,2157,0
2,2196,0
2,2184,0
3,4069,0
3,4046,0
2,2182,0
3,4130,0
3,4063,0
3,4146,0
4,6469,0
3,4159,0
2,2229,0
3,4143,0
2,2214,0
4,6563,0
2,2223,0
2,2185,0
2,2186,0
5,9224,0
4,6665,0
2,2177,0
4,6686,0
2,2210,0
4,6531,0
2,2207,0
2,2156,0
2,2214,0
3,4092,0
4,6547,0
2,2166,0
5,9248,0
4,6744,0
2,2174,0
3,4140,0
2,2184,0
2,2214,0
3,4048,0
2,2195,0
6,12082,0
4,6616,0
3,4125,0
4,6634,0
2,2211,0
3,4103,0
2,2184,0
4,6586,0
4,6555,0
3,4094,0
5,9333,0
3,4105,0
6,12090,0
2,2204,0
3,4038,0
2,2188,0
4,6564,0
2,2234,0
5,9354,0
4,6586,0
3,4073,0
3,3998,0
5,9340,0
4,6596,0
5,9260,0
4,6532,0
4,6675,0
2,2205,0
2,2211,0
5,9197,0
3,4106,0
2,2200,0
9,22746,0
5,9215,0
5,9197,0
2,2229,0
2,2191,0
6,11982,0
4,6596,0
3,4123,0
6,12141,0
3,4140,0
3,4079,0
2,2185,0
7,15515,0
3,4050,0
4,6543,0
2,2209,0
2,2199,0
3,4093,0
2,2200,0
2,2206,0
3,4174,0
3,4179,0
3,4108,0
3,4086,0
3,4146,0
3,4055,0
2,2185,0
4,6597,0
2,2200,0
2,2239,0
2,2183,0
2,2224,0
2,2208,0
8,18856,0
3,4012,0
4,6559,0
2,2176,0
2,2187,0
3,4131,0
3,4073,0
2,2202,0
2,2205,0
2,2186,0
3,4153,0
3,4151,0
4,6634,0
6,12052,0
2,2197,0
2,2193,0
2,2183,0
2,2206,0
3,4090,0
2,2196,0
4,6570,0
4,6535,0
4,6567,0
4,6649,0
3,4132,0
3,4148,0
2,2210,0
2,2203,0
4,6469,0
3,4204,0
2,2216,0
3,4187,0
2,2197,0
5,9458,0
2,2211,0
6,12049,0
5,9279,0
3,4110,0
6,12095,0
4,6747,0
5,9248,0
4,6616,0
2,2242,0
2,2175,0
4,6622,0
4,6555,0
3,4135,0
5,9210,0
3,4185,0
3,4069,0
3,4120,0
4,6645,0
2,2198,0
4,6595,0
2,2211,0
4,6669,0
3,4059,0
2,2208,0
2,2183,0
2,2183,0
2,2174,0
7,15623,0
2,2207,0
2,2205,0
5,9410,0
5,9185,0
5,9391,0
3,4055,0
3,4149,0
2,2228,0
2,2196,0
4,6562,0
4,6529,0
2,2177,0
5,9393,0
7,15787,0
2,2226,0
3,4072,0
3,4176,0
2,2241,0
3,4123,0
4,6587,0
3,4176,0
3,4130,0
2,2199,0
2,2248,0
5,9327,0
4,6609,0
2,2246,0
2,2227,0
3,4090,0
4,6560,0
2,2209,0
4,6715,0
3,4091,0
8,18902,0
3,4157,0
2,2240,0
4,6674,0
2,2177,0
2,2237,0
4,6553,0
3,4119,0
7,15531,0
4,6582,0
3,4200,0
3,4143,0
2,2256,0
3,4177,0
4,6647,0
2,2239,0
4,6714,0
2,2234,0
4,6566,0
4,6570,0
5,9350,0
3,4115,0
3,4214,0
3,4044,0
4,6810,0
2,2183,0
3,4107,0
7,15562,0
4,6619,0
2,2207,0
3,4132,0
2,2188,0
4,6731,0
2,2221,0
6,12005,0
2,2218,0
5,9225,0
6,12208,0
6,12143,0
2,2219,0
5,9296,0
3,4200,0
3,4132,0
2,2213,0
3,4148,0
4,6671,0
2,2194,0
3,4127,0
4,6661,0
3,4178,0
2,2232,0
3,4155,0
5,9554,0
2,2236,0
6,12237,0
2,2199,0
2,2211,0
2,2202,0
3,4153,0
3,4140,0
3,4219,0
2,2230,0
2,2202,0
2,2253,0
4,6661,0
4,6616,0
2,2237,0
2,2209,0
5,9254,0
2,2235,0
2,2232,0
4,6638,0
5,9411,0
2,2240,0
2,2255,0
2,2217,0
3,4028,0
3,4118,0
2,2237,0
3,4183,0
3,4153,0
6,12163,0
2,2211,0
3,4153,0
5,9328,0
4,6671,0
7,15675,0
2,2247,0
3,4128,0
3,4216,0
2,2252,0
3,4164,0
2,2243,0
2,2215,0
4,6659,0
2,2225,0
2,2213,0
5,9284,0
4,6742,0
3,4191,0
4,6654,0
2,2243,0
3,4123,0
8,18928,0
5,9254,0
2,2193,0
3,4147,0
4,6719,0
2,2210,0
2,2242,0
4,6786,0
3,4157,0
3,4183,0
2,2194,0
5,9341,0
6,12215,0
5,9460,0
3,4130,0
3,4168,0
3,4078,0
3,4125,0
5,9358,0
3,4135,0
5,9506,0
6,12377,0
3,4104,0
3,4138,0
6,12441,0
2,2228,0
2,2205,0
3,4113,0
3,4184,0
2,2211,0
4,6814,0
2,2211,0
2,2191,0
2,2236,0
4,6762,0
6,12317,0
2,2218,0
2,2258,0
3,4132,0
2,2221,0
6,12131,0
3,4181,0
3,4127,0
3,4172,0
4,6623,0
3,4243,0
3,4140,0
3,4167,0
2,2191,0
7,15904,0
3,4104,0
3,4154,0
2,2185,0
2,2197,0
2,2205,0
2,2233,0
4,6753,0
2,2213,0
4,6789,0
3,4174,0
2,2228,0
2,2209,0
3,4193,0
3,4217,0
2,2214,0
3,4178,0
3,4163,0
2,2220,0
2,2232,0
4,6732,0
4,6693,0
2,2216,0
2,2192,0
3,4148,0
2,2182,0
3,4230,0
4,6748,0
2,2209,0
2,2221,0
2,2213,0
2,2244,0
4,6714,0
2,2228,0
3,4154,0
5,9320,0
3,4273,0
3,4226,0
2,2176,0
7,15842,0
2,2208,0
2,2203,0
3,4092,0
6,12210,0
2,2237,0
3,4192,0
3,4229,0
3,4186,0
3,4164,0
10,25605,0
5,9368,0
4,6765,0
3,4191,0
3,4214,0
6,12107,0
2,2215,0
3,4141,0
3,4213,0
2,2213,0
2,2194,0
4,6709,0
2,2219,0
3,4210,0
2,2246,0
2,2248,0
2,2195,0
2,2234,0
2,2199,0
2,2214,0
4,6742,0
2,2239,0
5,9333,0
3,4161,0
2,2247,0
2,2227,0
2,2216,0
3,4195,0
2,2205,0
2,2201,0
3,4269,0
2,2267,0
3,4244,0
4,6728,0
6,12317,0
2,2237,0
2,2226,0
3,4096,0
3,4187,0
2,2230,0
2,2268,0
2,2236,0
4,6710,0
2,2247,0
3,4178,0
4,6803,0
3,4202,0
2,2240,0
2,2239,0
3,4117,0
2,2253,0
2,2207,0
2,2224,0
4,6757,0
2,2259,0
3,4237,0
2,2192,0
3,4172,0
2,2239,0
2,2216,0
4,6686,0
2,2225,0
3,4155,0
2,2280,0
2,2239,0
5,9529,0
3,4116,0
4,6761,0
3,4141,0
3,4204,0
2,2234,0
2,2266,0
2,2220,0
2,2208,0
2,2220,0
2,2233,0
2,2240,0
6,12304,0
3,4164,0
2,2225,0
3,4191,0
6,12455,0
3,4269,0
2,2213,0
3,4221,0
5,9451,0
2,2169,0
3,4120,0
3,4175,0
2,2223,0
3,4221,0
3,4251,0
2,2252,0
7,15757,0
2,2225,0
4,6750,0
5,9381,0
2,2236,0
3,4218,0
5,9537,0
3,4217,0
3,4198,0
6,12230,0
3,4266,0
4,6801,0
2,2213,0
2,2222,0
3,4176,0
3,4208,0
5,9442,0
3,4216,0
2,2229,0
3,4246,0
2,2273,0
2,2241,0
2,2206,0
3,4175,0
4,6809,0
3,4221,0
2,2273,0
3,4154,0
3,4216,0
2,2223,0
2,2243,0
2,2241,0
4,6856,0
4,6750,0
3,4285,0
2,2241,0
2,2231,0
4,6745,0
3,4167,0
3,4267,0
5,9490,0
5,9525,0
3,4252,0
4,6622,0
2,2211,0
5,9513,0
3,4273,0
3,4284,0
3,4275,0
7,15874,0
4,6872,0
4,6982,0
2,2240,0
5,9290,0
2,2239,0
2,2253,0
2,2209,0
2,2236,0
5,9548,0
2,2204,0
2,2210,0
4,6745,0
4,6782,0
5,9476,0
3,4196,0
2,2200,0
2,2232,0
3,4260,0
3,4162,0
2,2233,0
2,2243,0
6,12343,0
2,2234,0
3,4254,0
5,9567,0
2,2231,0
2,2266,0
5,9451,0
2,2236,0
2,2222,0
6,12492,0
4,6711,0
2,2246,0
9,22627,0
2,2287,0
4,6659,0
2,2250,0
3,4211,0
3,4295,0
2,2288,0
3,4151,0
3,4203,0
3,4273,0
3,4201,0
2,2230,0
5,9469,0
5,9354,0
4,6817,0
2,2209,0
3,4252,0
5,9426,0
5,9448,0
2,2229,0
3,4228,0
4,6905,0
3,4268,0
4,6775,0
3,4248,0
2,2218,0
3,4171,0
2,2203,0
3,4287,0
3,4226,0
2,2271,0
2,2223,0
6,12340,0
3,4226,0
2,2260,0
4,6770,0
2,2243,0
3,4336,0
5,9571,0
2,2259,0
3,4235,0
3,4313,0
4,6662,0
4,6710,0
3,4206,0
3,4262,0
5,9607,0
3,4270,0
2,2192,0
3,4237,0
3,4197,0
5,9658,0
2,2281,0
2,2310,0
3,4217,0
2,2179,0
6,12511,0
2,2272,0
2,2225,0
3,4273,0
2,2223,0
2,2260,0
2,2264,0
3,4239,0
3,4380,0
3,4202,0
3,4269,0
3,4284,0
3,4267,0
4,6729,0
2,2270,0
4,6792,0
3,4235,0
4,6780,0
2,2218,0
3,4260,0
2,2278,0
5,9597,0
2,2211,0
4,6899,0
2,2278,0
3,4219,0
2,2266,0
3,4176,0
3,4239,0
3,4281,0
2,2259,0
4,6791,0
2,2227,0
4,6851,0
5,9291,0
5,9720,0
2,2270,0
2,2227,0
3,4287,0
3,4262,0
4,6760,0
3,4282,0
2,2219,0
2,2263,0
6,12238,0
4,6802,0
2,2257,0
4,6812,0
4,6712,0
5,9584,0
2,2208,0
2,2241,0
2,2266,0
2,2225,0
2,2237,0
2,2251,0
2,2231,0
2,2255,0
4,6698,0
3,4246,0
2,2229,0
2,2256,0
2,2229,0
2,2260,0
2,2268,0
3,4242,0
6,12342,0
3,4266,0
2,2229,0
2,2252,0
2,2225,0
2,2273,0
3,4273,0
2,2240,0
7,15796,0
3,4293,0
3,4279,0
2,2294,0
2,2208,0
3,4225,0
2,2235,0
2,2227,0
3,4236,0
4,6894,0
2,2210,0
2,2239,0
2,2265,0
2,2250,0
3,4243,0
4,6921,0
3,4315,0
2,2222,0
3,4261,0
4,6836,0
4,6867,0
2,2272,0
4,6747,0
3,4224,0
2,2245,0
5,9787,0
2,2266,0
2,2242,0
4,6719,0
5,9360,0
3,4333,0
2,2260,0
5,9575,0
2,2273,0
3,4233,0
3,4287,0
2,2278,0
2,2219,0
3,4196,0
5,9657,0
3,4322,0
2,2255,0
2,2219,0
4,6986,0
5,9516,0
3,4295,0
2,2202,0
3,4278,0
2,2280,0
4,6697,0
4,6878,0
4,6824,0
5,9591,0
3,4205,0
3,4250,0
3,4322,0
2,2215,0
3,4261,0
3,4267,0
2,2231,0
4,7031,0
2,2273,0
2,2243,0
2,2252,0
2,2277,0
2,2209,0
5,9463,0
2,2268,0
2,2264,0
4,6821,0
3,4245,0
5,9540,0
3,4247,0
5,9706,0
3,4243,0
3,4248,0
3,4215,0
2,2234,0
2,2324,0
2,2288,0
4,6942,0
4,6853,0
2,2262,0
3,4235,0
2,2280,0
4,6759,0
3,4255,0
2,2229,0
5,9685,0
7,15817,0
4,6772,0
3,4290,0
2,2224,0
4,6896,0
3,4217,0
2,2253,0
5,9608,0
3,4275,0
2,2234,0
2,2271,0
2,2277,0
3,4224,0
2,2253,0
4,6858,0
2,2216,0
3,4197,0
3,4173,0
3,4305,0
4,6849,0
2,2314,0
2,2267,0
3,4281,0
3,4265,0
4,6808,0
2,2262,0
2,2284,0
2,2259,0
2,2285,0
2,2264,0
2,2262,0
3,4309,0
2,2232,0
2,2270,0
2,2296,0
2,2241,0
6,12480,0
3,4268,0
2,2239,0
3,4317,0
2,2254,0
3,4327,0
3,4306,0
4,6729,0
2,2279,0
2,2277,0
4,6730,0
2,2292,0
2,2298,0
5,9737,0
2,2262,0
2,2300,0
2,2263,0
3,4259,0
3,4277,0
3,4242,0
6,12177,0
3,4351,0
2,2258,0
3,4305,0
6,12231,0
2,2265,0
3,4300,0
3,4214,0
4,6898,0
4,6918,0
5,9711,0
2,2227,0
3,4330,0
3,4301,0
4,6810,0
2,2273,0
2,2263,0
3,4310,0
3,4267,0
5,9661,0
3,4335,0
6,12499,0
2,2279,0
3,4232,0
2,2276,0
2,2297,0
3,4254,0
2,2286,0
2,2270,0
6,12450,0
3,4339,0
2,2235,0
3,4345,0
6,12284,0
4,6890,0
2,2227,0
5,9812,0
2,2264,0
2,2260,0
2,2288,0
3,4357,0
3,4355,0
4,6820,0
5,9496,0
3,4227,0
2,2245,0
3,4336,0
3,4322,0
2,2261,0
2,2253,0
2,2280,0
2,2304,0
2,2273,0
4,6869,0
2,2282,0
3,4354,0
2,2309,0
5,9720,0
5,9513,0
2,2261,0
3,4343,0
2,2252,0
2,2256,0
5,9597,0
2,2263,0
3,4394,0
3,4294,0
2,2266,0
3,4329,0
4,6884,0
2,2312,0
5,9688,0
3,4225,0
3,4279,0
4,6993,0
2,2244,0
2,2278,0
4,6905,0
4,6969,0
2,2261,0
4,6806,0
3,4244,0
4,7017,0
2,2282,0
2,2271,0
2,2299,0
2,2274,0
2,2270,0
2,2280,0
3,4326,0
4,6878,0
2,2245,0
2,2210,0
3,4344,0
3,4365,0
2,2281,0
2,2280,0
2,2253,0
2,2291,0
2,2274,0
4,6902,0
3,4290,0
4,6869,0
2,2272,0
2,2260,0
2,2221,0
2,2301,0
2,2260,0
3,4239,0
3,4380,0
2,2315,0
3,4321,0
2,2266,0
4,6949,0
3,4343,0
2,2293,0
2,2262,0
4,6865,0
4,6950,0
3,4313,0
2,2257,0
2,2281,0
2,2294,0
5,9923,0
5,9801,0
3,4397,0
2,2297,0
2,2259,0
3,4351,0
2,2243,0
4,6917,0
3,4287,0
2,2257,0
4,6859,0
4,6768,0
3,4322,0
2,2280,0
6,12481,0
4,6877,0
2,2296,0
4,6904,0
2,2298,0
4,6930,0
2,2283,0
3,4352,0
2,2262,0
2,2255,0
3,4328,0
3,4322,0
2,2304,0
4,6886,0
2,2281,0
4,7022,0
3,4330,0
2,2328,0
2,2275,0
2,2305,0
4,7043,0
2,2310,0
2,2270,0
3,4303,0
4,6984,0
3,4338,0
2,2269,0
3,4321,0
3,4237,0
2,2286,0
2,2258,0
2,2243,0
5,9829,0
2,2282,0
2,2291,0
2,2282,0
2,2302,0
2,2271,0
2,2285,0
3,4357,0
3,4312,0
2,2263,0
2,2286,0
2,2255,0
2,2299,0
2,2240,0
2,2284,0
3,4391,0
2,2284,0
3,4316,0
2,2296,0
4,6945,0
2,2284,0
4,6964,0
2,2309,0
2,2304,0
3,4335,0
3,4407,0
2,2290,0
2,2294,0
5,9473,0
2,2244,0
2,2261,0
2,2279,0
3,4289,0
3,4337,0
2,2267,0
3,4386,0
3,4288,0
6,12385,0
4,7089,0
2,2263,0
4,6992,0
3,4450,0
3,4398,0
4,6934,0
2,2316,0
2,2324,0
4,7025,0
2,2311,0
7,16022,0
3,4324,0
3,4358,0
3,4350,0
3,4347,0
2,2300,0
2,2323,0
2,2252,0
2,2280,0
2,2275,0
3,4343,0
2,2300,0
3,4287,0
3,4296,0
2,2305,0
3,4367,0
5,9743,0
2,2296,0
2,2287,0
2,2284,0
2,2254,0
2,2275,0
3,4268,0
2,2251,0
2,2314,0
2,2252,0
2,2284,0
2,2288,0
2,2261,0
5,9747,0
3,4344,0
3,4385,0
2,2306,0
3,4340,0
3,4400,0
4,6926,0
2,2312,0
5,9655,0
2,2287,0
3,4375,0
6,12350,0
3,4371,0
2,2248,0
3,4431,0
2,2241,0
4,6772,0
2,2302,0
4,7128,0
3,4423,0
2,2279,0
4,6918,0
2,2304,0
2,2277,0
4,6859,0
3,4338,0
2,2322,0
3,4448,0
2,2289,0
4,6947,0
3,4378,0
2,2267,0
2,2302,0
2,2281,0
6,12463,0
2,2291,0
5,9697,0
2,2310,0
6,12542,0
6,12217,0
3,4325,0
3,4353,0
2,2347,0
4,6983,0
2,2341,0
2,2309,0
3,4350,0
2,2327,0
6,12485,0
2,2293,0
2,2284,0
2,2280,0
2,2292,0
2,2300,0
2,2269,0
2,2308,0
4,6992,0
3,4403,0
2,2287,0
4,6924,0
3,4405,0
5,9521,0
3,4422,0
2,2296,0
4,6980,0
3,4296,0
3,4338,0
3,4417,0
2,2286,0
3,4427,0
2,2320,0
2,2295,0
4,6940,0
3,4438,0
3,4338,0
2,2261,0
2,2300,0
2,2320,0
6,12426,0
2,2286,0
2,2325,0
3,4348,0
2,2297,0
2,2337,0
2,2289,0
3,4381,0
2,2304,0
2,2309,0
5,9683,0
3,4328,0
6,12516,0
4,6983,0
2,2328,0
2,2290,0
2,2328,0
2,2236,0
5,9795,0
3,4355,0
3,4419,0
3,4379,0
2,2297,0
5,9655,0
3,4347,0
5,9777,0
2,2292,0
3,4322,0
2,2275,0
4,6859,0
2,2321,0
2,2359,0
2,2302,0
2,2315,0
4,6931,0
3,4399,0
4,6994,0
3,4337,0
4,6976,0
4,6966,0
5,9601,0
3,4472,0
3,4390,0
2,2320,0
4,7099,0
2,2276,0
3,4475,0
4,6973,0
3,4354,0
2,2360,0
2,2275,0
2,2305,0
4,7061,0
2,2258,0
3,4405,0
2,2314,0
2,2274,0
2,2280,0
2,2298,0
4,6981,0
3,4359,0
2,2253,0
5,9834,0
2,2293,0
2,2308,0
2,2291,0
2,2340,0
3,4410,0
2,2283,0
4,6934,0
2,2277,0
2,2298,0
2,2353,0
2,2287,0
4,7020,0
4,7040,0
2,2302,0
2,2254,0
2,2297,0
3,4409,0
2,2282,0
3,4472,0
3,4460,0
4,7106,0
2,2326,0
2,2332,0
3,4431,0
5,9564,0
2,2341,0
7,15884,0
5,9806,0
3,4425,0
2,2292,0
4,7066,0
3,4376,0
3,4459,0
2,2278,0
3,4358,0
4,6998,0
3,4360,0
4,7073,0
3,4379,0
2,2295,0
2,2303,0
2,2319,0
3,4380,0
2,2340,0
4,6994,0
3,4490,0
3,4419,0
2,2331,0
2,2305,0
2,2329,0
2,2307,0
4,7045,0
2,2304,0
2,2280,0
2,2316,0
2,2288,0
3,4387,0
2,2309,0
2,2330,0
2,2292,0
2,2289,0
3,4428,0
2,2315,0
4,7046,0
2,2331,0
2,2331,0
2,2307,0
2,2329,0
2,2326,0
5,9693,0
2,2321,0
3,4394,0
2,2356,0
3,4392,0
2,2348,0
2,2282,0
3,4434,0
2,2308,0
4,7152,0
3,4391,0
2,2303,0
3,4465,0
2,2261,0
2,2293,0
2,2319,0
2,2323,0
6,12403,0
3,4471,0
3,4340,0
2,2334,0
3,4339,0
3,4356,0
3,4411,0
4,7091,0
2,2272,0
2,2314,0
3,4408,0
2,2295,0
3,4363,0
4,7173,0
3,4555,0
2,2314,0
2,2312,0
2,2313,0
3,4412,0
3,4412,0
2,2337,0
2,2307,0
2,2333,0
4,6995,0
2,2325,0
2,2351,0
3,4392,0
3,4519,0
4,7079,0
3,4509,0
4,6980,0
2,2265,0
3,4441,0
3,4478,0
2,2327,0
9,22369,0
2,2340,0
6,12382,0
2,2316,0
2,2360,0
3,4446,0
3,4467,0
2,2311,0
4,7044,0
3,4494,0
3,4458,0
2,2287,0
2,2269,0
7,15674,0
2,2279,0
2,2340,0
5,9766,0
3,4490,0
3,4357,0
2,2300,0
2,2375,0
3,4425,0
2,2338,0
5,9848,0
2,2381,0
4,6993,0
2,2321,0
3,4445,0
5,9686,0
5,9701,0
4,7039,0
3,4458,0
2,2345,0
3,4396,0
2,2329,0
2,2358,0
2,2344,0
4,7034,0
4,7211,0
3,4393,0
2,2327,0
2,2336,0
2,2330,0
2,2288,0
4,7011,0
5,9663,0
2,2337,0
3,4338,0
4,7040,0
2,2381,0
3,4458,0
2,2302,0
3,4449,0
2,2299,0
6,12371,0
3,4409,0
2,2290,0
3,4354,0
2,2302,0
2,2281,0
2,2303,0
2,2350,0
2,2302,0
3,4453,0
3,4450,0
2,2348,0
3,4476,0
3,4372,0
2,2330,0
2,2341,0
3,4509,0
2,2313,0
3,4464,0
3,4393,0
3,4494,0
2,2318,0
2,2300,0
2,2272,0
3,4457,0
2,2306,0
2,2324,0
3,4467,0
3,4424,0
2,2282,0
2,2305,0
2,2337,0
6,12439,0
2,2335,0
5,9962,0
3,4400,0
2,2320,0
2,2298,0
3,4483,0
2,2358,0
2,2331,0
4,7123,0
5,9733,0
2,2331,0
3,4521,0
2,2341,0
2,2328,0
5,9846,0
2,2292,0
2,2299,0
2,2295,0
3,4526,0
2,2325,0
3,4518,0
2,2333,0
2,2318,0
5,9678,0
2,2366,0
3,4312,0
2,2326,0
2,2305,0
2,2342,0
3,4452,0
2,2303,0
2,2329,0
3,4516,0
2,2343,0
6,12351,0
2,2343,0
3,4538,0
3,4442,0
2,2331,0
3,4429,0
2,2370,0
3,4450,0
3,4378,0
4,7197,0
3,4479,0
2,2331,0
2,2329,0
2,2353,0
2,2372,0
2,2335,0
4,7005,0
4,6955,0
3,4474,0
3,4423,0
3,4407,0
2,2370,0
4,7126,0
2,2362,0
3,4326,0
2,2324,0
3,4370,0
2,2317,0
3,4407,0
2,2351,0
4,7030,0
2,2342,0
4,7103,0
2,2332,0
2,2342,0
3,4417,0
4,7015,0
2,2346,0
2,2362,0
2,2363,0
4,7145,0
4,7201,0
2,2321,0
2,2355,0
2,2321,0
2,2346,0
2,2341,0
3,4440,0
3,4503,0
6,12468,0
2,2310,0
7,15568,0
2,2349,0
3,4358,0
4,7051,0
2,2415,0
3,4433,0
2,2346,0
2,2309,0
3,4450,0
4,7321,0
2,2360,0
3,4467,0
2,2350,0
2,2283,0
5,9844,0
3,4430,0
2,2296,0
2,2362,0
3,4445,0
5,9831,0
2,2273,0
2,2364,0
3,4431,0
2,2332,0
2,2323,0
2,2363,0
2,2356,0
2,2334,0
3,4494,0
3,4460,0
4,7102,0
2,2301,0
3,4536,0
2,2338,0
3,4483,0
2,2356,0
2,2328,0
3,4573,0
3,4435,0
2,2354,0
2,2319,0
6,12604,0
3,4483,0
3,4480,0
2,2347,0
2,2387,0
2,2297,0
3,4387,0
2,2349,0
5,9894,0
2,2360,0
2,2332,0
2,2355,0
2,2356,0
2,2397,0
2,2343,0
2,2321,0
2,2354,0
4,7083,0
2,2342,0
2,2322,0
2,2335,0
3,4385,0
2,2396,0
2,2344,0
3,4395,0
2,2342,0
3,4506,0
2,2343,0
3,4419,0
3,4470,0
2,2345,0
4,7101,0
2,2329,0
2,2351,0
2,2307,0
2,2337,0
2,2324,0
3,4452,0
2,2331,0
2,2352,0
2,2372,0
5,9747,0
3,4478,0
2,2326,0
2,2331,0
3,4512,0
2,2319,0
2,2332,0
2,2356,0
5,9823,0
2,2298,0
2,2346,0
4,7148,0
2,2330,0
2,2322,0
4,7194,0
2,2358,0
2,2360,0
3,4562,0
2,2364,0
3,4492,0
2,2343,0
2,2328,0
4,7034,0
3,4539,0
2,2338,0
2,2353,0
3,4434,0
3,4518,0
3,4516,0
3,4525,0
2,2346,0
3,4467,0
3,4533,0
3,4505,0
3,4527,0
3,4451,0
2,2358,0
3,4495,0
3,4443,0
4,7057,0
3,4521,0
2,2326,0
2,2367,0
2,2344,0
3,4464,0
2,2355,0
4,7107,0
2,2320,0
2,2364,0
2,2335,0
3,4562,0
2,2353,0
3,4610,0
7,15883,0
2,2378,0
2,2317,0
2,2343,0
2,2335,0
2,2355,0
2,2364,0
3,4455,0
3,4535,0
2,2328,0
2,2343,0
2,2323,0
2,2336,0
2,2344,0
2,2327,0
3,4602,0
4,7127,0
3,4554,0
2,2366,0
2,2342,0
3,4434,0
6,12259,0
3,4512,0
3,4496,0
3,4510,0
2,2406,0
2,2355,0
5,9905,0
3,4493,0
2,2337,0
4,7168,0
2,2381,0
2,2371,0
2,2383,0
2,2355,0
3,4462,0
2,2353,0
2,2402,0
3,4513,0
2,2357,0
3,4450,0
2,2304,0
3,4471,0
3,4507,0
2,2422,0
3,4459,0
5,9837,0
4,7122,0
3,4464,0
2,2313,0
3,4460,0
2,2377,0
3,4538,0
2,2390,0
3,4516,0
2,2354,0
2,2341,0
2,2323,0
2,2337,0
4,7199,0
2,2359,0
2,2336,0
3,4525,0
3,4453,0
2,2353,0
3,4487,0
2,2337,0
2,2378,0
5,9914,0
2,2373,0
4,7093,0
2,2375,0
3,4506,0
2,2351,0
6,12592,0
3,4589,0
3,4555,0
2,2344,0
2,2371,0
2,2324,0
2,2381,0
3,4527,0
2,2354,0
2,2367,0
2,2376,0
2,2378,0
2,2366,0
2,2392,0
2,2331,0
4,7317,0
2,2371,0
2,2355,0
2,2374,0
2,2363,0
3,4517,0
2,2339,0
2,2360,0
3,4513,0
2,2377,0
2,2353,0
3,4559,0
3,4582,0
3,4496,0
3,4569,0
3,4536,0
3,4597,0
2,2378,0
6,12550,0
2,2413,0
2,2340,0
3,4522,0
2,2337,0
2,2369,0
2,2368,0
3,4470,0
2,2355,0
2,2336,0
3,4549,0
2,2389,0
2,2425,0
3,4606,0
2,2362,0
2,2386,0
2,2340,0
2,2351,0
3,4494,0
4,7194,0
2,2376,0
3,4601,0
3,4628,0
3,4618,0
4,7156,0
2,2393,0
4,7094,0
3,4553,0
2,2387,0
2,2381,0
2,2407,0
2,2417,0
2,2402,0
2,2371,0
4,7003,0
2,2356,0
3,4614,0
3,4541,0
4,7182,0
5,9911,0
2,2364,0
4,7092,0
2,2395,0
5,9705,0
2,2402,0
3,4610,0
3,4618,0
3,4661,0
2,2384,0
2,2351,0
3,4553,0
2,2416,0
2,2370,0
2,2410,0
3,4551,0
3,4574,0
2,2382,0
2,2367,0
2,2391,0
2,2347,0
2,2413,0
2,2366,0
3,4562,0
2,2365,0
3,4592,0
2,2371,0
6,12569,0
2,2364,0
3,4530,0
2,2389,0
3,4514,0
3,4542,0
3,4546,0
7,15999,0
2,2360,0
2,2431,0
3,4517,0
2,2364,0
2,2331,0
2,2390,0
2,2351,0
2,2384,0
6,12522,0
3,4632,0
2,2382,0
2,2404,0
2,2356,0
4,7061,0
3,4483,0
2,2397,0
4,7089,0
2,2357,0
4,7304,0
2,2408,0
2,2372,0
3,4525,0
2,2381,0
4,7248,0
3,4542,0
4,7164,0
2,2393,0
2,2358,0
3,4584,0
2,2371,0
4,7239,0
4,7172,0
2,2377,0
3,4558,0
2,2397,0
4,7182,0
8,19153,0
2,2345,0
4,7233,0
5,9686,0
2,2373,0
2,2384,0
2,2386,0
3,4534,0
2,2400,0
3,4532,0
2,2369,0
2,2373,0
2,2384,0
3,4576,0
3,4620,0
2,2399,0
4,7058,0
4,7317,0
2,2392,0
2,2402,0
3,4538,0
2,2371,0
3,4669,0
3,4631,0
2,2380,0
3,4595,0
2,2385,0
4,7071,0
3,4532,0
3,4553,0
2,2397,0
2,2371,0
2,2391,0
2,2389,0
2,2348,0
4,7187,0
2,2396,0
4,7269,0
2,2398,0
5,9839,0
3,4545,0
2,2359,0
4,7161,0
4,7159,0
4,7110,0
3,4533,0
3,4650,0
3,4591,0
4,7109,0
3,4614,0
2,2378,0
2,2314,0
2,2428,0
3,4596,0
3,4589,0
5,9994,0
2,2403,0
3,4680,0
2,2373,0
2,2438,0
4,7077,0
3,4536,0
3,4639,0
3,4590,0
5,9879,0
3,4616,0
4,7305,0
2,2400,0
3,4531,0
2,2383,0
3,4617,0
3,4610,0
4,7234,0
2,2352,0
3,4577,0
2,2344,0
3,4579,0
2,2395,0
2,2384,0
2,2380,0
2,2407,0
4,7244,0
2,2375,0
2,2391,0
2,2398,0
6,12749,0
2,2420,0
4,7241,0
2,2410,0
4,7077,0
2,2388,0
4,7213,0
2,2407,0
3,4624,0
4,7227,0
5,9812,0
4,7115,0
2,2415,0
3,4605,0
4,7195,0
2,2394,0
2,2355,0
2,2364,0
2,2403,0
2,2415,0
2,2369,0
2,2421,0
3,4568,0
6,12733,0
2,2417,0
2,2420,0
2,2437,0
2,2373,0
2,2391,0
6,12569,0
2,2412,0
2,2415,0
3,4592,0
5,9901,0
2,2426,0
2,2388,0
3,4581,0
2,2377,0
8,18958,0
3,4526,0
3,4571,0
3,4594,0
2,2360,0
2,2365,0
3,4644,0
2,2402,0
2,2382,0
6,12501,0
3,4645,0
4,7116,0
2,2389,0
2,2366,0
2,2374,0
4,7220,0
6,12837,0
3,4553,0
2,2353,0
2,2397,0
2,2414,0
2,2412,0
5,9625,0
3,4642,0
2,2403,0
2,2376,0
2,2400,0
2,2423,0
2,2414,0
2,2354,0
3,4606,0
2,2408,0
2,2410,0
5,9781,0
2,2374,0
2,2419,0
2,2403,0
2,2402,0
2,2387,0
3,4534,0
2,2393,0
3,4573,0
2,2432,0
3,4556,0
4,7194,0
2,2363,0
3,4630,0
2,2393,0
2,2450,0
3,4579,0
4,7183,0
3,4589,0
2,2379,0
2,2403,0
2,2418,0
2,2401,0
2,2408,0
2,2393,0
2,2405,0
2,2398,0
2,2396,0
3,4533,0
2,2404,0
4,7148,0
3,4635,0
3,4635,0
2,2398,0
3,4519,0
2,2425,0
2,2443,0
2,2407,0
4,7288,0
3,4562,0
3,4631,0
2,2397,0
2,2386,0
3,4587,0
3,4573,0
3,4622,0
4,7258,0
3,4640,0
2,2428,0
3,4601,0
3,4572,0
2,2379,0
2,2390,0
2,2394,0
3,4622,0
2,2374,0
2,2362,0
2,2438,0
2,2417,0
2,2401,0
2,2419,0
2,2434,0
3,4617,0
3,4546,0
4,7260,0
2,2380,0
2,2413,0
2,2382,0
3,4581,0
2,2387,0
3,4655,0
3,4665,0
2,2407,0
2,2391,0
3,4659,0
3,4595,0
3,4705,0
5,9835,0
3,4677,0
2,2450,0
3,4649,0
2,2387,0
3,4667,0
2,2350,0
2,2425,0
3,4670,0
3,4623,0
2,2434,0
3,4725,0
2,2432,0
2,2455,0
3,4620,0
2,2368,0
2,2446,0
5,9755,0
2,2429,0
2,2363,0
3,4643,0
4,7440,0
2,2439,0
3,4622,0
3,4601,0
3,4570,0
5,9863,0
3,4636,0
3,4680,0
2,2418,0
2,2414,0
3,4563,0
2,2444,0
2,2393,0
2,2412,0
2,2395,0
3,4626,0
2,2374,0
2,2473,0
2,2390,0
2,2439,0
2,2440,0
5,9859,0
2,2404,0
2,2436,0
2,2413,0
3,4669,0
2,2412,0
2,2399,0
2,2439,0
3,4643,0
2,2408,0
3,4631,0
2,2410,0
3,4680,0
3,4578,0
4,7276,0
2,2351,0
2,2450,0
2,2407,0
3,4743,0
2,2428,0
2,2424,0
2,2408,0
2,2415,0
2,2473,0
3,4700,0
3,4655,0
3,4572,0
2,2408,0
3,4702,0
4,7223,0
5,9705,0
3,4649,0
2,2390,0
2,2389,0
3,4665,0
2,2390,0
5,9736,0
3,4578,0
3,4700,0
2,2368,0
5,10108,0
2,2408,0
3,4580,0
2,2410,0
2,2421,0
2,2408,0
2,2372,0
8,19055,0
4,7294,0
3,4622,0
2,2437,0
3,4716,0
2,2429,0
2,2433,0
2,2437,0
3,4621,0
2,2420,0
3,4718,0
2,2419,0
2,2414,0
2,2412,0
3,4760,0
4,7219,0
2,2407,0
3,4620,0
2,2413,0
2,2393,0
2,2431,0
2,2408,0
4,7194,0
2,2444,0
2,2421,0
2,2442,0
2,2388,0
2,2413,0
2,2363,0
2,2431,0
3,4621,0
2,2469,0
2,2421,0
4,7372,0
2,2392,0
3,4763,0
2,2443,0
3,4702,0
2,2415,0
2,2380,0
4,7185,0
3,4736,0
3,4653,0
3,4631,0
4,7320,0
2,2417,0
3,4705,0
2,2451,0
3,4765,0
5,9822,0
2,2475,0
2,2412,0
2,2379,0
2,2444,0
2,2383,0
2,2412,0
2,2410,0
3,4711,0
2,2432,0
3,4734,0
2,2403,0
3,4642,0
2,2415,0
2,2427,0
2,2474,0
2,2428,0
2,2449,0
3,4737,0
2,2455,0
2,2465,0
2,2414,0
2,2427,0
3,4668,0
2,2458,0
3,4660,0
3,4713,0
3,4662,0
2,2454,0
2,2400,0
3,4632,0
2,2377,0
2,2445,0
2,2458,0
3,4747,0
4,7168,0
2,2391,0
3,4690,0
2,2461,0
2,2450,0
2,2502,0
3,4671,0
2,2430,0
3,4712,0
2,2450,0
2,2465,0
2,2421,0
2,2452,0
2,2425,0
2,2412,0
3,4765,0
2,2459,0
2,2444,0
2,2469,0
2,2437,0
2,2422,0
2,2378,0
4,7373,0
4,7225,0
2,2454,0
2,2455,0
3,4706,0
3,4608,0
3,4655,0
3,4685,0
2,2451,0
2,2443,0
2,2444,0
3,4754,0
2,2435,0
2,2427,0
3,4714,0
2,2410,0
5,9988,0
2,2417,0
2,2464,0
4,7325,0
3,4702,0
2,2458,0
2,2467,0
2,2460,0
2,2480,0
2,2459,0
3,4758,0
2,2462,0
2,2415,0
2,2427,0
2,2434,0
4,7355,0
2,2421,0
2,2433,0
2,2409,0
4,7288,0
2,2457,0
3,4698,0
4,7228,0
2,2419,0
3,4660,0
2,2480,0
2,2419,0
4,7352,0
2,2434,0
2,2451,0
4,7304,0
2,2458,0
2,2454,0
2,2463,0
3,4631,0
2,2397,0
2,2450,0
3,4681,0
2,2465,0
2,2413,0
2,2473,0
2,2459,0
3,4674,0
2,2411,0
5,10004,0
5,10003,0
2,2470,0
3,4650,0
3,4698,0
5,9974,0
4,7270,0
3,4705,0
2,2490,0
2,2439,0
2,2437,0
3,4720,0
3,4653,0
4,7277,0
3,4689,0
4,7225,0
2,2426,0
3,4692,0
3,4691,0
3,4733,0
2,2464,0
2,2424,0
2,2482,0
4,7142,0
2,2416,0
4,7355,0
2,2462,0
3,4694,0
2,2458,0
2,2434,0
2,2424,0
2,2418,0
3,4799,0
2,2430,0
2,2412,0
2,2447,0
2,2438,0
3,4778,0
2,2484,0
2,2501,0
3,4735,0
3,4626,0
2,2437,0
2,2489,0
3,4749,0
3,4803,0
2,2457,0
3,4684,0
3,4840,0
2,2461,0
2,2460,0
3,4692,0
5,9847,0
3,4808,0
2,2421,0
2,2445,0
2,2492,0
2,2441,0
2,2418,0
3,4751,0
2,2438,0
3,4731,0
3,4781,0
2,2442,0
4,7377,0
2,2478,0
4,7446,0
2,2448,0
2,2457,0
2,2494,0
2,2440,0
2,2471,0
2,2433,0
3,4694,0
2,2476,0
2,2470,0
2,2404,0
2,2433,0
2,2438,0
2,2396,0
3,4726,0
3,4714,0
4,7419,0
2,2402,0
3,4793,0
3,4741,0
3,4755,0
2,2469,0
2,2435,0
3,4789,0
2,2461,0
2,2495,0
3,4735,0
3,4671,0
2,2461,0
2,2447,0
3,4732,0
3,4728,0
6,12643,0
2,2518,0
3,4807,0
2,2447,0
5,9944,0
2,2479,0
2,2461,0
2,2454,0
2,2450,0
2,2459,0
3,4710,0
3,4647,0
2,2463,0
2,2427,0
2,2463,0
2,2480,0
3,4678,0
2,2507,0
3,4699,0
2,2462,0
3,4813,0
3,4823,0
2,2487,0
2,2483,0
3,4764,0
2,2484,0
2,2469,0
2,2501,0
2,2497,0
3,4729,0
2,2466,0
2,2450,0
2,2498,0
3,4813,0
2,2500,0
2,2483,0
2,2434,0
2,2464,0
2,2461,0
3,4755,0
2,2517,0
2,2468,0
2,2450,0
2,2408,0
3,4774,0
5,9838,0
2,2515,0
2,2413,0
3,4738,0
3,4732,0
2,2440,0
2,2477,0
2,2458,0
2,2476,0
2,2442,0
2,2451,0
3,4834,0
2,2461,0
2,2436,0
2,2465,0
3,4889,0
2,2469,0
3,4854,0
4,7308,0
2,2464,0
2,2452,0
2,2478,0
2,2494,0
2,2471,0
3,4668,0
2,2493,0
2,2502,0
3,4740,0
2,2466,0
2,2526,0
2,2485,0
2,2423,0
2,2468,0
2,2503,0
2,2459,0
2,2495,0
2,2468,0
2,2460,0
2,2492,0
2,2432,0
4,7339,0
2,2487,0
3,4757,0
4,7398,0
2,2430,0
2,2474,0
3,4694,0
2,2447,0
2,2462,0
2,2467,0
2,2467,0
4,7430,0
3,4711,0
3,4778,0
2,2509,0
2,2502,0
4,7197,0
2,2451,0
2,2461,0
2,2446,0
3,4838,0
2,2445,0
3,4714,0
2,2485,0
2,2490,0
2,2472,0
3,4759,0
2,2457,0
3,4760,0
2,2520,0
2,2473,0
3,4769,0
3,4761,0
2,2502,0
3,4781,0
2,2431,0
3,4835,0
2,2506,0
2,2503,0
3,4768,0
2,2482,0
2,2492,0
2,2465,0
5,9927,0
3,4807,0
2,2480,0
3,4718,0
2,2470,0
3,4739,0
3,4797,0
2,2504,0
2,2503,0
3,4742,0
2,2500,0
3,4840,0
2,2540,0
2,2462,0
3,4797,0
3,4816,0
3,4883,0
2,2456,0
3,4851,0
2,2461,0
3,4844,0
2,2470,0
2,2443,0
2,2423,0
2,2487,0
3,4823,0
2,2528,0
2,2480,0
3,4782,0
6,12832,0
2,2447,0
3,4730,0
2,2487,0
2,2463,0
3,4766,0
2,2509,0
3,4752,0
3,4858,0
2,2460,0
2,2444,0
2,2459,0
2,2529,0
2,2457,0
4,7313,0
3,4761,0
3,4880,0
2,2444,0
2,2470,0
3,4862,0
2,2469,0
3,4777,0
2,2512,0
3,4799,0
2,2498,0
2,2466,0
3,4795,0
2,2480,0
3,4804,0
2,2487,0
3,4799,0
2,2511,0
2,2512,0
2,2444,0
2,2499,0
3,4915,0
2,2457,0
3,4860,0
3,4778,0
2,2412,0
2,2446,0
2,2467,0
2,2506,0
2,2461,0
2,2509,0
2,2461,0
2,2491,0
3,4806,0
2,2479,0
4,7383,0
2,2491,0
3,4865,0
2,2479,0
2,2481,0
3,4840,0
3,4766,0
2,2455,0
3,4789,0
2,2477,0
5,10134,0
2,2464,0
3,4863,0
2,2514,0
2,2489,0
2,2460,0
2,2445,0
2,2539,0
3,4844,0
2,2504,0
2,2476,0
2,2520,0
2,2467,0
3,4724,0
5,10052,0
3,4825,0
2,2450,0
4,7419,0
2,2466,0
2,2485,0
2,2532,0
3,4792,0
2,2483,0
3,4919,0
2,2548,0
2,2493,0
3,4814,0
2,2489,0
3,4818,0
2,2482,0
3,4871,0
3,4799,0
4,7418,0
2,2502,0
2,2521,0
3,4916,0
2,2519,0
2,2517,0
2,2528,0
2,2512,0
4,7398,0
3,4872,0
2,2497,0
3,4903,0
3,4801,0
2,2505,0
2,2467,0
2,2496,0
2,2514,0
3,4864,0
2,2526,0
3,4784,0
3,4740,0
3,4795,0
3,4913,0
2,2468,0
2,2496,0
3,4889,0
4,7247,0
2,2529,0
3,4861,0
2,2470,0
4,7394,0
2,2506,0
2,2493,0
2,2509,0
3,4839,0
3,4941,0
4,7485,0
2,2485,0
2,2526,0
2,2511,0
2,2502,0
3,4731,0
2,2481,0
2,2545,0
2,2545,0
2,2523,0
2,2521,0
2,2525,0
2,2481,0
2,2549,0
3,4847,0
2,2483,0
2,2469,0
2,2522,0
2,2515,0
2,2477,0
2,2517,0
3,4884,0
2,2488,0
3,4880,0
2,2525,0
2,2493,0
2,2539,0
2,2514,0
2,2536,0
2,2538,0
2,2533,0
2,2492,0
2,2497,0
2,2497,0
2,2508,0
2,2542,0
2,2504,0
2,2482,0
2,2549,0
3,4883,0
2,2552,0
2,2519,0
2,2523,0
2,2506,0
5,10036,0
2,2496,0
2,2538,0
2,2482,0
2,2550,0
2,2502,0
3,4923,0
2,2490,0
2,2460,0
4,7384,0
4,7454,0
2,2511,0
2,2519,0
2,2516,0
3,4894,0
2,2546,0
2,2520,0
2,2559,0
3,4925,0
2,2507,0
3,4805,0
2,2513,0
2,2516,0
4,7393,0
3,4798,0
2,2521,0
2,2477,0
3,4890,0
2,2504,0
3,4856,0
2,2508,0
2,2542,0
2,2505,0
3,4912,0
2,2551,0
2,2499,0
2,2530,0
2,2471,0
2,2533,0
2,2541,0
3,4815,0
2,2501,0
2,2546,0
2,2545,0
4,7473,0
3,4885,0
2,2513,0
3,4839,0
4,7452,0
2,2488,0
2,2537,0
5,10136,0
2,2473,0
4,7450,0
2,2547,0
2,2536,0
2,2517,0
2,2597,0
2,2504,0
2,2521,0
2,2536,0
2,2502,0
2,2501,0
2,2508,0
3,4780,0
2,2521,0
2,2479,0
3,4881,0
2,2497,0
2,2516,0
2,2544,0
2,2536,0
3,4840,0
3,4872,0
2,2531,0
2,2516,0
3,4858,0
2,2538,0
2,2505,0
2,2526,0
2,2530,0
2,2512,0
2,2535,0
3,4824,0
2,2522,0
2,2512,0
2,2512,0
3,4877,0
4,7448,0
2,2547,0
2,2509,0
4,7359,0
3,4911,0
3,4861,0
2,2570,0
2,2543,0
2,2568,0
3,4895,0
2,2520,0
3,4955,0
2,2479,0
3,4875,0
2,2525,0
2,2508,0
2,2518,0
2,2521,0
2,2500,0
2,2536,0
2,2568,0
2,2474,0
2,2544,0
2,2523,0
2,2515,0
2,2581,0
2,2532,0
2,2554,0
2,2543,0
3,4936,0
2,2531,0
2,2556,0
2,2498,0
2,2580,0
2,2536,0
2,2574,0
3,4919,0
2,2498,0
2,2526,0
2,2495,0
2,2525,0
3,4902,0
3,4937,0
2,2546,0
2,2532,0
2,2507,0
3,4902,0
3,4885,0
3,4823,0
3,4844,0
3,4855,0
2,2507,0
2,2537,0
2,2516,0
2,2488,0
2,2563,0
3,4980,0
2,2542,0
2,2535,0
4,7428,0
2,2579,0
3,4861,0
2,2528,0
4,7341,0
3,4928,0
2,2521,0
2,2585,0
2,2591,0
3,4904,0
2,2526,0
3,4920,0
3,4946,0
2,2520,0
3,4936,0
3,4880,0
3,4904,0
2,2545,0
2,2493,0
4,7516,0
2,2528,0
2,2492,0
2,2524,0
2,2552,0
2,2524,0
2,2552,0
2,2509,0
2,2533,0
2,2547,0
4,7254,0
3,4863,0
3,4888,0
2,2550,0
2,2499,0
3,4950,0
3,4891,0
3,4859,0
3,4896,0
3,4931,0
7,16019,0
2,2526,0
3,4908,0
2,2560,0
2,2551,0
2,2489,0
3,4927,0
2,2563,0
2,2537,0
2,2553,0
2,2487,0
3,4809,0
2,2537,0
2,2547,0
3,4911,0
2,2516,0
2,2570,0
2,2513,0
4,7358,0
2,2503,0
2,2554,0
3,4849,0
2,2507,0
2,2519,0
2,2547,0
5,10048,0
4,7320,0
3,4845,0
2,2544,0
2,2558,0
3,4850,0
2,2528,0
2,2511,0
2,2550,0
2,2536,0
2,2554,0
2,2529,0
3,4966,0
3,4868,0
2,2550,0
2,2539,0
4,7354,0
2,2550,0
2,2555,0
2,2555,0
2,2590,0
3,4778,0
3,4870,0
2,2564,0
2,2571,0
2,2554,0
3,4859,0
2,2549,0
2,2558,0
2,2519,0
2,2546,0
2,2546,0
2,2566,0
2,2550,0
2,2574,0
2,2558,0
2,2602,0
2,2586,0
2,2547,0
3,4909,0
2,2561,0
2,2578,0
2,2594,0
2,2583,0
2,2561,0
2,2582,0
2,2571,0
2,2606,0
3,5000,0
3,4960,0
2,2570,0
2,2571,0
3,4963,0
2,2560,0
2,2559,0
3,4894,0
3,4956,0
3,4968,0
2,2557,0
2,2582,0
2,2573,0
3,4949,0
2,2550,0
2,2528,0
2,2590,0
2,2622,0
2,2556,0
2,2616,0
3,4939,0
2,2551,0
4,7351,0
2,2539,0
2,2543,0
2,2589,0
2,2548,0
2,2578,0
3,4925,0
2,2531,0
3,5002,0
2,2554,0
2,2575,0
2,2568,0
2,2552,0
2,2569,0
3,4864,0
5,9780,0
2,2574,0
3,4855,0
2,2531,0
2,2570,0
2,2586,0
2,2609,0
3,4964,0
2,2603,0
2,2576,0
2,2557,0
2,2532,0
2,2543,0
2,2619,0
2,2596,0
3,4983,0
2,2579,0
2,2573,0
2,2608,0
3,4962,0
3,4832,0
2,2602,0
2,2569,0
2,2540,0
3,4978,0
3,5002,0
2,2566,0
2,2559,0
2,2603,0
2,2570,0
2,2612,0
3,5057,0
3,4898,0
3,4954,0
4,7364,0
2,2580,0
3,4972,0
2,2561,0
2,2602,0
2,2582,0
2,2603,0
2,2622,0
3,5047,0
3,4927,0
3,4932,0
2,2577,0
3,4856,0
2,2596,0
2,2608,0
2,2579,0
2,2566,0
2,2560,0
2,2544,0
4,7491,0
2,2569,0
3,5048,0
2,2625,0
3,4926,0
2,2566,0
3,4899,0
4,7391,0
3,4956,0
2,2579,0
2,2570,0
2,2606,0
2,2580,0
2,2569,0
2,2554,0
2,2572,0
3,4895,0
2,2599,0
2,2577,0
2,2613,0
3,4930,0
4,7357,0
2,2558,0
2,2599,0
3,4853,0
2,2581,0
2,2610,0
2,2591,0
2,2614,0
2,2574,0
2,2514,0
3,4967,0
3,5011,0
2,2571,0
2,2578,0
2,2581,0
3,4895,0
3,5034,0
2,2560,0
2,2576,0
2,2592,0
6,12680,0
2,2616,0
2,2597,0
6,12801,0
2,2587,0
2,2588,0
4,7404,0
2,2584,0
3,4999,0
2,2573,0
3,5033,0
2,2567,0
3,4974,0
2,2604,0
3,4890,0
3,4984,0
3,4946,0
2,2603,0
3,4911,0
2,2597,0
2,2605,0
2,2610,0
3,5023,0
2,2606,0
2,2595,0
2,2557,0
2,2607,0
2,2541,0
3,5042,0
3,4983,0
2,2548,0
2,2625,0
2,2628,0
2,2611,0
2,2569,0
3,4972,0
3,4923,0
2,2614,0
2,2559,0
2,2596,0
2,2569,0
2,2573,0
2,2598,0
4,7348,0
2,2586,0
4,7472,0
2,2592,0
2,2574,0
2,2599,0
2,2607,0
2,2591,0
2,2591,0
3,4991,0
2,2574,0
3,4990,0
2,2579,0
2,2603,0
2,2631,0
2,2616,0
2,2566,0
3,4960,0
2,2606,0
3,4935,0
2,2545,0
2,2617,0
2,2561,0
2,2598,0
2,2585,0
2,2574,0
2,2586,0
2,2611,0
2,2611,0
2,2569,0
2,2623,0
4,7360,0
2,2600,0
2,2603,0
2,2605,0
2,2583,0
2,2619,0
2,2558,0
2,2601,0
2,2604,0
4,7466,0
2,2595,0
2,2636,0
3,4974,0
2,2605,0
2,2581,0
2,2579,0
2,2630,0
2,2626,0
2,2635,0
3,5038,0
2,2584,0
2,2610,0
6,12528,0
2,2618,0
3,5029,0
3,5018,0
3,5003,0
2,2585,0
2,2615,0
2,2620,0
2,2587,0
2,2590,0
3,4949,0
3,5034,0
2,2632,0
2,2601,0
2,2569,0
3,5042,0
4,7386,0
4,7444,0
3,5010,0
2,2555,0
2,2630,0
2,2600,0
3,4977,0
4,7384,0
2,2589,0
2,2641,0
3,4958,0
3,5060,0
3,5138,0
2,2597,0
2,2615,0
4,7470,0
2,2621,0
2,2606,0
2,2606,0
2,2578,0
2,2657,0
2,2646,0
3,4955,0
2,2556,0
2,2701,0
2,2596,0
2,2620,0
2,2623,0
5,10064,0
2,2627,0
3,4996,0
3,4959,0
4,7562,0
3,5026,0
3,4935,0
2,2587,0
4,7464,0
3,4979,0
2,2615,0
2,2604,0
2,2640,0
3,5017,0
3,5033,0
2,2644,0
2,2581,0
3,5008,0
2,2651,0
3,4987,0
3,4990,0
2,2595,0
3,5002,0
2,2673,0
3,4959,0
2,2583,0
4,7429,0
2,2644,0
3,5012,0
3,4986,0
3,5035,0
4,7371,0
2,2638,0
2,2607,0
4,7674,0
2,2620,0
2,2613,0
2,2582,0
3,5061,0
4,7527,0
2,2596,0
2,2599,0
2,2650,0
2,2621,0
2,2634,0
2,2612,0
2,2658,0
3,5019,0
3,4969,0
2,2609,0
4,7587,0
5,10009,0
2,2617,0
2,2650,0
3,5042,0
3,4995,0
2,2618,0
2,2603,0
2,2605,0
2,2610,0
2,2626,0
3,4945,0
2,2640,0
2,2572,0
3,5025,0
2,2587,0
2,2679,0
2,2610,0
2,2586,0
2,2602,0
2,2635,0
2,2615,0
2,2647,0
2,2608,0
2,2653,0
2,2616,0
2,2610,0
2,2641,0
2,2670,0
2,2673,0
2,2634,0
2,2614,0
2,2610,0
2,2665,0
5,10007,0
3,5036,0
2,2656,0
2,2670,0
4,7534,0
3,5062,0
5,9975,0
4,7401,0
2,2632,0
2,2677,0
3,5060,0
2,2641,0
2,2595,0
2,2601,0
2,2622,0
2,2614,0
2,2611,0
4,7279,0
3,4983,0
2,2614,0
2,2594,0
2,2633,0
2,2644,0
2,2572,0
3,4957,0
2,2673,0
2,2651,0
3,5023,0
2,2573,0
2,2614,0
5,10297,0
3,5007,0
3,4974,0
3,5036,0
2,2614,0
2,2625,0
2,2652,0
2,2623,0
2,2578,0
2,2634,0
3,5039,0
2,2601,0
2,2673,0
2,2671,0
2,2637,0
2,2631,0
2,2654,0
3,5086,0
2,2623,0
2,2660,0
2,2660,0
2,2652,0
2,2583,0
2,2643,0
2,2688,0
3,5005,0
3,4955,0
2,2607,0
2,2652,0
3,5083,0
3,5076,0
3,5090,0
2,2611,0
3,5025,0
2,2644,0
2,2642,0
2,2640,0
2,2662,0
4,7532,0
2,2613,0
2,2633,0
2,2651,0
3,5142,0
2,2615,0
3,5058,0
3,5095,0
2,2647,0
3,4965,0
2,2685,0
3,5039,0
2,2636,0
2,2648,0
2,2658,0
2,2609,0
2,2675,0
2,2644,0
2,2646,0
2,2659,0
3,5099,0
2,2629,0
2,2608,0
3,5095,0
3,4969,0
2,2676,0
2,2640,0
2,2683,0
2,2627,0
2,2622,0
2,2676,0
2,2667,0
2,2627,0
2,2649,0
3,4997,0
2,2683,0
5,10166,0
2,2638,0
2,2666,0
2,2660,0
2,2607,0
2,2626,0
3,5101,0
2,2631,0
2,2653,0
2,2673,0
3,5061,0
2,2649,0
2,2637,0
2,2667,0
2,2687,0
2,2663,0
4,7424,0
2,2645,0
2,2636,0
3,5015,0
2,2636,0
2,2639,0
3,5017,0
2,2646,0
2,2652,0
2,2631,0
2,2653,0
2,2658,0
2,2633,0
5,10224,0
2,2675,0
2,2608,0
2,2664,0
2,2649,0
4,7616,0
4,7508,0
3,5122,0
2,2647,0
2,2627,0
2,2636,0
2,2663,0
3,5027,0
3,5117,0
2,2656,0
2,2626,0
2,2676,0
3,5109,0
2,2635,0
4,7430,0
2,2714,0
3,5085,0
2,2630,0
2,2647,0
2,2659,0
2,2679,0
2,2713,0
2,2684,0
2,2648,0
2,2677,0
3,4955,0
3,4966,0
2,2695,0
3,5095,0
2,2649,0
2,2646,0
3,5057,0
3,5055,0
2,2657,0
3,5105,0
2,2655,0
3,5043,0
2,2712,0
3,5063,0
2,2630,0
2,2641,0
2,2662,0
3,5068,0
3,4995,0
2,2634,0
2,2693,0
2,2675,0
3,5072,0
2,2612,0
2,2618,0
3,5064,0
2,2639,0
2,2676,0
3,5051,0
2,2683,0
3,5104,0
3,5162,0
2,2664,0
3,5172,0
2,2690,0
3,5105,0
2,2661,0
3,5152,0
2,2690,0
2,2706,0
2,2661,0
2,2717,0
2,2645,0
2,2710,0
2,2720,0
3,5036,0
2,2707,0
2,2658,0
2,2636,0
2,2665,0
3,5098,0
2,2709,0
4,7398,0
3,5099,0
2,2659,0
2,2648,0
2,2642,0
3,5043,0
2,2702,0
2,2677,0
2,2656,0
2,2660,0
2,2648,0
3,4997,0
4,7359,0
2,2684,0
2,2678,0
2,2653,0
2,2619,0
4,7489,0
2,2679,0
2,2694,0
2,2698,0
3,5145,0
3,5043,0
4,7610,0
2,2703,0
4,7480,0
3,5099,0
2,2686,0
2,2704,0
3,4966,0
2,2671,0
2,2661,0
2,2665,0
3,5110,0
2,2695,0
3,5100,0
4,7549,0
4,7476,0
2,2680,0
2,2660,0
2,2676,0
2,2665,0
2,2680,0
3,5108,0
2,2690,0
2,2696,0
2,2659,0
3,5138,0
2,2679,0
2,2669,0
2,2633,0
3,5075,0
2,2660,0
3,5131,0
2,2739,0
3,5160,0
2,2704,0
3,5072,0
4,7601,0
3,5165,0
3,5113,0
2,2694,0
2,2680,0
3,5048,0
2,2667,0
2,2657,0
2,2707,0
2,2698,0
4,7549,0
2,2695,0
3,5136,0
2,2659,0
3,5022,0
2,2610,0
2,2692,0
2,2732,0
4,7460,0
2,2654,0
2,2743,0
2,2698,0
2,2700,0
2,2689,0
2,2696,0
2,2698,0
2,2667,0
2,2694,0
2,2713,0
2,2711,0
2,2646,0
2,2662,0
2,2707,0
3,5165,0
2,2744,0
2,2676,0
2,2655,0
2,2688,0
2,2645,0
2,2644,0
2,2667,0
2,2695,0
2,2671,0
2,2651,0
2,2641,0
3,5184,0
3,5007,0
2,2658,0
3,5127,0
2,2691,0
2,2695,0
2,2689,0
2,2718,0
2,2695,0
3,5081,0
2,2684,0
2,2744,0
3,5084,0
2,2661,0
2,2702,0
2,2751,0
3,5247,0
2,2658,0
2,2703,0
2,2669,0
2,2668,0
2,2661,0
2,2686,0
3,5098,0
2,2685,0
2,2758,0
2,2665,0
2,2686,0
2,2678,0
2,2624,0
2,2706,0
2,2673,0
2,2653,0
3,5083,0
3,5069,0
2,2695,0
2,2761,0
3,5158,0
2,2709,0
3,5154,0
2,2703,0
2,2704,0
3,5187,0
2,2689,0
3,5190,0
2,2678,0
3,5232,0
2,2747,0
2,2724,0
3,5151,0
2,2717,0
2,2738,0
2,2709,0
2,2701,0
3,5055,0
3,5078,0
2,2727,0
2,2716,0
3,5113,0
2,2706,0
2,2685,0
2,2769,0
2,2708,0
2,2660,0
2,2679,0
2,2731,0
3,5144,0
2,2710,0
2,2729,0
4,7478,0
2,2694,0
2,2713,0
2,2713,0
2,2704,0
3,5122,0
2,2698,0
2,2702,0
2,2686,0
2,2696,0
3,5135,0
2,2684,0
2,2697,0
2,2663,0
2,2745,0
2,2696,0
2,2659,0
3,5137,0
2,2712,0
2,2683,0
3,5180,0
2,2761,0
2,2728,0
3,5081,0
2,2679,0
2,2688,0
2,2750,0
2,2757,0
2,2725,0
3,5143,0
2,2678,0
2,2678,0
2,2692,0
2,2752,0
2,2716,0
2,2739,0
2,2675,0
2,2693,0
2,2751,0
2,2697,0
2,2721,0
2,2697,0
2,2738,0
2,2720,0
3,5115,0
2,2712,0
2,2747,0
2,2704,0
3,5085,0
3,5198,0
2,2714,0
2,2754,0
3,5143,0
4,7394,0
2,2721,0
4,7635,0
2,2715,0
2,2715,0
3,5110,0
2,2761,0
2,2710,0
3,5089,0
4,7563,0
2,2751,0
2,2746,0
2,2709,0
2,2743,0
2,2730,0
2,2739,0
2,2679,0
2,2764,0
2,2743,0
2,2734,0
2,2712,0
2,2738,0
2,2754,0
2,2735,0
3,5232,0
4,7533,0
3,5170,0
3,5212,0
2,2731,0
4,7520,0
2,2746,0
2,2709,0
3,5179,0
2,2733,0
2,2714,0
2,2738,0
2,2729,0
2,2752,0
3,5132,0
2,2676,0
2,2761,0
3,5262,0
2,2754,0
2,2689,0
2,2766,0
2,2713,0
2,2744,0
3,5226,0
2,2733,0
2,2704,0
3,5101,0
4,7483,0
2,2744,0
2,2764,0
2,2744,0
2,2719,0
2,2745,0
2,2729,0
2,2744,0
2,2697,0
2,2733,0
2,2733,0
2,2713,0
2,2725,0
2,2741,0
2,2696,0
2,2733,0
2,2716,0
3,5195,0
2,2779,0
3,5196,0
2,2777,0
3,5157,0
2,2700,0
2,2752,0
3,5267,0
2,2749,0
2,2735,0
2,2765,0
2,2737,0
2,2810,0
2,2744,0
3,5188,0
3,5156,0
2,2755,0
3,5179,0
2,2757,0
2,2758,0
2,2752,0
2,2736,0
4,7482,0
4,7548,0
4,7585,0
2,2775,0
2,2781,0
2,2763,0
2,2723,0
3,5171,0
2,2779,0
3,5149,0
2,2740,0
3,5161,0
2,2732,0
2,2734,0
2,2686,0
2,2765,0
2,2750,0
2,2768,0
2,2751,0
2,2732,0
2,2728,0
2,2740,0
3,5200,0
2,2780,0
2,2797,0
2,2685,0
2,2716,0
2,2759,0
3,5231,0
2,2792,0
2,2777,0
2,2757,0
2,2713,0
2,2765,0
2,2745,0
2,2739,0
2,2714,0
3,5215,0
3,5211,0
2,2768,0
2,2721,0
3,5184,0
2,2782,0
2,2760,0
2,2783,0
3,5190,0
2,2787,0
2,2810,0
3,5171,0
2,2788,0
2,2769,0
2,2790,0
2,2774,0
2,2779,0
2,2750,0
2,2791,0
3,5276,0
2,2771,0
2,2726,0
2,2816,0
2,2792,0
3,5173,0
3,5213,0
2,2769,0
3,5262,0
2,2750,0
2,2796,0
2,2717,0
2,2833,0
2,2747,0
2,2782,0
2,2813,0
3,5159,0
2,2787,0
2,2763,0
2,2710,0
2,2790,0
2,2748,0
2,2741,0
2,2793,0
2,2779,0
2,2769,0
2,2784,0
2,2827,0
2,2731,0
2,2749,0
6,12490,0
3,5309,0
2,2800,0
3,5120,0
3,5218,0
2,2778,0
2,2795,0
3,5196,0
3,5136,0
2,2799,0
2,2785,0
2,2821,0
2,2755,0
2,2760,0
2,2761,0
2,2801,0
2,2773,0
3,5198,0
2,2763,0
2,2805,0
3,5205,0
3,5250,0
3,5159,0
2,2802,0
2,2730,0
4,7456,0
2,2791,0
3,5228,0
2,2785,0
2,2728,0
2,2767,0
2,2747,0
2,2738,0
3,5200,0
2,2763,0
2,2791,0
2,2796,0
2,2761,0
3,5118,0
3,5146,0
2,2747,0
2,2766,0
2,2766,0
3,5183,0
2,2782,0
2,2781,0
3,5233,0
3,5280,0
2,2778,0
2,2761,0
2,2822,0
2,2748,0
2,2772,0
2,2777,0
2,2742,0
3,5278,0
2,2729,0
2,2740,0
2,2740,0
3,5166,0
2,2799,0
4,7510,0
3,5224,0
2,2796,0
2,2749,0
2,2769,0
2,2757,0
2,2739,0
2,2771,0
2,2797,0
2,2816,0
2,2800,0
2,2795,0
3,5161,0
2,2770,0
2,2772,0
2,2755,0
2,2786,0
2,2726,0
2,2821,0
2,2840,0
2,2791,0
2,2770,0
2,2777,0
3,5167,0
2,2749,0
2,2777,0
2,2770,0
2,2773,0
2,2734,0
2,2822,0
2,2780,0
2,2805,0
2,2789,0
2,2797,0
6,12809,0
3,5323,0
2,2792,0
3,5238,0
2,2783,0
2,2826,0
2,2782,0
2,2755,0
2,2730,0
3,5191,0
2,2788,0
2,2814,0
2,2852,0
2,2730,0
2,2853,0
2,2859,0
3,5217,0
2,2781,0
2,2774,0
2,2765,0
2,2813,0
2,2753,0
2,2743,0
3,5239,0
4,7618,0
2,2833,0
2,2766,0
2,2771,0
2,2820,0
2,2809,0
2,2767,0
2,2739,0
2,2789,0
2,2823,0
3,5314,0
2,2804,0
2,2776,0
2,2801,0
2,2780,0
2,2831,0
2,2841,0
2,2803,0
3,5268,0
2,2785,0
3,5238,0
2,2790,0
2,2738,0
2,2790,0
2,2767,0
2,2778,0
2,2780,0
2,2825,0
2,2820,0
2,2785,0
3,5282,0
2,2745,0
2,2772,0
2,2765,0
2,2812,0
2,2746,0
2,2808,0
2,2795,0
2,2799,0
2,2778,0
2,2806,0
3,5223,0
3,5218,0
2,2842,0
3,5188,0
3,5276,0
2,2812,0
2,2784,0
3,5198,0
2,2795,0
2,2842,0
2,2825,0
3,5233,0
2,2793,0
2,2792,0
2,2834,0
2,2809,0
2,2799,0
2,2766,0
3,5190,0
2,2772,0
3,5237,0
2,2790,0
2,2786,0
2,2767,0
3,5216,0
2,2819,0
2,2780,0
3,5276,0
3,5323,0
3,5127,0
2,2824,0
3,5254,0
3,5199,0
2,2801,0
4,7638,0
2,2801,0
2,2848,0
2,2815,0
2,2846,0
3,5147,0
2,2755,0
2,2789,0
2,2812,0
2,2829,0
2,2814,0
2,2796,0
2,2851,0
2,2793,0
3,5300,0
4,7589,0
2,2830,0
2,2793,0
2,2805,0
3,5270,0
3,5372,0
3,5228,0
3,5302,0
3,5336,0
2,2844,0
3,5275,0
3,5225,0
2,2813,0
4,7531,0
2,2840,0
2,2762,0
4,7629,0
2,2830,0
3,5290,0
2,2813,0
2,2818,0
2,2809,0
3,5244,0
2,2841,0
2,2865,0
2,2848,0
2,2812,0
2,2800,0
2,2820,0
2,2788,0
2,2822,0
3,5355,0
2,2805,0
2,2808,0
2,2855,0
3,5363,0
2,2870,0
3,5352,0
2,2826,0
3,5305,0
2,2794,0
2,2834,0
2,2830,0
2,2829,0
2,2855,0
2,2876,0
2,2819,0
2,2811,0
2,2834,0
2,2836,0
2,2805,0
2,2828,0
2,2867,0
2,2810,0
2,2828,0
2,2852,0
2,2862,0
2,2807,0
2,2843,0
2,2853,0
2,2829,0
2,2884,0
2,2849,0
2,2811,0
2,2789,0
2,2837,0
2,2824,0
2,2854,0
3,5262,0
2,2828,0
2,2774,0
2,2785,0
2,2814,0
2,2808,0
2,2819,0
2,2851,0
2,2833,0
4,7465,0
3,5222,0
2,2839,0
2,2808,0
2,2799,0
3,5282,0
2,2867,0
3,5336,0
2,2814,0
2,2806,0
2,2848,0
2,2854,0
2,2823,0
2,2853,0
3,5234,0
2,2848,0
2,2847,0
2,2853,0
3,5332,0
2,2833,0
2,2864,0
2,2834,0
4,7570,0
2,2815,0
2,2848,0
2,2837,0
2,2831,0
2,2896,0
3,5272,0
2,2862,0
3,5335,0
2,2832,0
2,2840,0
2,2819,0
2,2856,0
2,2783,0
2,2846,0
2,2810,0
2,2875,0
3,5308,0
2,2872,0
2,2857,0
2,2818,0
2,2812,0
2,2845,0
2,2837,0
2,2797,0
2,2872,0
2,2850,0
2,2781,0
2,2915,0
2,2870,0
4,7473,0
2,2784,0
3,5291,0
2,2847,0
3,5298,0
2,2889,0
2,2820,0
3,5318,0
3,5382,0
3,5185,0
2,2826,0
2,2827,0
2,2813,0
2,2850,0
2,2873,0
2,2853,0
2,2796,0
2,2795,0
2,2854,0
2,2856,0
2,2871,0
2,2840,0
2,2868,0
2,2833,0
2,2857,0
3,5399,0
2,2807,0
2,2898,0
2,2898,0
2,2880,0
2,2860,0
2,2886,0
2,2830,0
2,2795,0
2,2889,0
2,2864,0
2,2905,0
2,2844,0
2,2890,0
2,2858,0
2,2897,0
3,5256,0
2,2855,0
2,2887,0
2,2820,0
3,5262,0
2,2865,0
2,2912,0
2,2853,0
2,2886,0
2,2902,0
2,2873,0
2,2864,0
2,2873,0
3,5371,0
2,2867,0
2,2860,0
2,2843,0
2,2878,0
2,2895,0
3,5354,0
2,2852,0
2,2881,0
3,5268,0
2,2884,0
2,2879,0
2,2812,0
2,2825,0
2,2903,0
2,2852,0
2,2829,0
2,2846,0
2,2863,0
2,2881,0
2,2859,0
4,7611,0
3,5400,0
2,2882,0
2,2858,0
2,2882,0
3,5358,0
2,2888,0
2,2882,0
2,2876,0
2,2892,0
2,2841,0
2,2874,0
2,2815,0
2,2885,0
3,5299,0
2,2847,0
2,2852,0
3,5222,0
2,2840,0
4,7459,0
2,2883,0
2,2853,0
2,2878,0
2,2894,0
2,2912,0
2,2913,0
2,2864,0
2,2872,0
2,2888,0
2,2881,0
2,2921,0
2,2905,0
3,5379,0
3,5438,0
3,5406,0
2,2865,0
2,2886,0
2,2874,0
2,2838,0
2,2901,0
2,2848,0
2,2902,0
2,2926,0
3,5257,0
3,5315,0
2,2896,0
2,2924,0
2,2909,0
2,2893,0
2,2878,0
2,2940,0
2,2810,0
3,5340,0
2,2942,0
2,2873,0
2,2922,0
4,7678,0
2,2888,0
2,2838,0
2,2898,0
2,2887,0
2,2928,0
3,5233,0
2,2813,0
3,5263,0
2,2830,0
2,2854,0
2,2788,0
2,2845,0
2,2932,0
2,2880,0
2,2879,0
2,2901,0
2,2856,0
2,2852,0
2,2941,0
2,2924,0
2,2871,0
3,5340,0
2,2898,0
2,2923,0
2,2899,0
3,5471,0
2,2913,0
2,2901,0
2,2912,0
2,2866,0
2,2906,0
2,2925,0
2,2877,0
2,2924,0
2,2925,0
2,2946,0
2,2842,0
2,2936,0
2,2893,0
2,2920,0
4,7688,0
3,5298,0
2,2912,0
2,2911,0
2,2911,0
2,2833,0
2,2861,0
2,2911,0
4,7669,0
2,2905,0
2,2934,0
2,2893,0
2,2906,0
2,2892,0
2,2841,0
2,2882,0
2,2871,0
2,2899,0
2,2871,0
3,5354,0
2,2883,0
2,2930,0
3,5334,0
2,2976,0
2,2905,0
2,2897,0
2,2876,0
3,5383,0
2,2936,0
2,2918,0
2,2875,0
2,2861,0
2,2944,0
2,2915,0
3,5311,0
2,2894,0
2,2917,0
2,2899,0
2,2911,0
2,2899,0
2,2891,0
2,2919,0
4,7526,0
2,2945,0
3,5423,0
2,2913,0
2,2919,0
2,2910,0
2,2886,0
2,2935,0
2,2937,0
2,2857,0
2,2849,0
2,2892,0
2,2966,0
2,2904,0
2,2935,0
2,2957,0
2,2888,0
3,5308,0
2,2931,0
2,2959,0
3,5300,0
2,2874,0
2,2930,0
2,2962,0
2,2938,0
2,2888,0
2,2992,0
2,2948,0
2,2932,0
2,2872,0
2,2871,0
3,5388,0
2,2931,0
2,2917,0
2,2915,0
2,2958,0
2,2938,0
2,2895,0
2,2910,0
2,2929,0
2,2926,0
2,2942,0
2,2907,0
2,2898,0
2,2936,0
2,2870,0
2,2935,0
2,2922,0
2,2977,0
2,2877,0
2,2887,0
3,5420,0
2,2894,0
2,2955,0
2,2930,0
4,7579,0
2,2936,0
3,5406,0
2,2905,0
2,2911,0
2,2965,0
2,2929,0
2,2911,0
2,2932,0
3,5267,0
2,2948,0
2,2910,0
2,2883,0
2,2930,0
2,2954,0
2,2955,0
2,2963,0
3,5215,0
2,2996,0
2,2921,0
2,2934,0
2,2948,0
2,2961,0
2,2984,0
2,2945,0
2,3002,0
2,2926,0
2,2872,0
2,2898,0
2,3006,0
2,2957,0
2,2960,0
2,2922,0
2,2931,0
2,2950,0
2,2957,0
2,2956,0
3,5384,0
2,2930,0
3,5344,0
3,5338,0
2,2925,0
2,2920,0
2,2988,0
2,2917,0
2,2941,0
2,2921,0
2,2950,0
2,2962,0
2,2911,0
2,2963,0
2,2985,0
2,2910,0
2,2924,0
2,2932,0
2,2946,0
2,2929,0
2,2965,0
2,2905,0
3,5408,0
2,2937,0
2,2952,0
2,2940,0
2,2966,0
2,2883,0
2,2975,0
2,2925,0
2,2877,0
2,2973,0
2,2959,0
2,2925,0
2,2976,0
2,2947,0
3,5325,0
2,2898,0
2,2975,0
2,2931,0
2,2967,0
2,2989,0
2,3021,0
2,2985,0
2,2945,0
2,2866,0
2,2985,0
2,2961,0
2,2992,0
2,3007,0
3,5316,0
2,2954,0
2,2922,0
2,2999,0
2,2977,0
2,2987,0
2,2937,0
2,2979,0
2,2937,0
2,2926,0
2,2989,0
3,5475,0
2,2968,0
2,2987,0
2,2961,0
2,2940,0
2,3018,0
2,2992,0
2,3032,0
2,2966,0
2,2971,0
2,3003,0
2,2974,0
4,7544,0
2,2989,0
2,2895,0
3,5366,0
2,2933,0
2,2976,0
2,3003,0
2,2936,0
2,2977,0
2,2935,0
3,5375,0
2,2958,0
2,2972,0
2,2953,0
2,2978,0
2,2922,0
2,2933,0
2,2972,0
2,2996,0
2,2976,0
2,2992,0
2,3004,0
2,2964,0
2,2964,0
2,3017,0
2,2933,0
2,2993,0
3,5426,0
2,2947,0
2,2939,0
2,3025,0
2,2934,0
2,3014,0
2,3013,0
2,2919,0
2,2983,0
2,2971,0
2,2992,0
2,2938,0
2,3000,0
2,2980,0
2,3036,0
2,2948,0
2,3027,0
2,2969,0
2,2980,0
2,2986,0
2,2989,0
2,2987,0
2,3011,0
3,5381,0
2,2986,0
2,2952,0
2,3006,0
2,3008,0
2,2994,0
2,2991,0
2,3012,0
4,7745,0
2,2939,0
2,3027,0
2,2947,0
2,2961,0
3,5332,0
2,3020,0
3,5344,0
2,2950,0
2,2947,0
2,2997,0
2,2920,0
3,5439,0
3,5396,0
2,2963,0
2,3009,0
2,2931,0
2,3013,0
2,2996,0
2,2951,0
2,2977,0
2,2978,0
2,2975,0
2,3002,0
2,2992,0
2,2979,0
2,2999,0
2,3057,0
2,3013,0
2,3002,0
2,2959,0
3,5343,0
2,2968,0
2,2992,0
2,2939,0
2,2993,0
2,3014,0
2,3023,0
2,3028,0
2,3004,0
2,3087,0
3,5444,0
2,3008,0
2,2997,0
3,5329,0
3,5361,0
2,2996,0
2,3026,0
2,3018,0
2,3008,0
2,2983,0
2,3025,0
2,2938,0
2,2958,0
2,3011,0
2,3025,0
2,3000,0
2,2979,0
2,3033,0
2,2981,0
2,2980,0
2,2996,0
2,3002,0
2,3017,0
2,2968,0
2,2963,0
2,2997,0
3,5330,0
3,5484,0
2,3032,0
2,3017,0
2,3018,0
2,3066,0
3,5336,0
2,3041,0
2,2983,0
2,2954,0
2,2956,0
2,2978,0
2,3073,0
2,3038,0
2,3010,0
2,2990,0
2,2985,0
3,5385,0
2,3011,0
2,3005,0
2,3014,0
2,3013,0
3,5312,0
2,3030,0
3,5381,0
2,2983,0
2,2964,0
2,3007,0
3,5359,0
2,3102,0
2,2983,0
2,3011,0
3,5324,0
2,3079,0
2,3078,0
2,3031,0
2,3022,0
2,3000,0
2,3028,0
3,5440,0
2,2962,0
2,2979,0
2,2998,0
2,2985,0
2,3011,0
2,3046,0
2,3026,0
2,2990,0
3,5353,0
2,3011,0
2,3019,0
2,3037,0
2,2968,0
2,3050,0
2,3005,0
2,3043,0
2,3022,0
2,3057,0
3,5334,0
2,3064,0
2,2977,0
3,5326,0
3,5334,0
2,2977,0
2,2996,0
2,3053,0
2,3078,0
2,3049,0
3,5357,0
2,2983,0
2,3021,0
3,5380,0
3,5340,0
2,3018,0
2,3025,0
3,5336,0
3,5425,0
2,3063,0
2,2968,0
2,3030,0
2,3016,0
2,3034,0
2,3014,0
3,5366,0
3,5428,0
2,3056,0
2,2967,0
2,3016,0
2,3068,0
3,5422,0
2,2992,0
2,2991,0
2,3033,0
2,3053,0
2,3025,0
2,3070,0
3,5443,0
2,3047,0
2,3016,0
2,3000,0
2,3046,0
2,3077,0
2,3039,0
2,3064,0
2,3056,0
2,3057,0
3,5328,0
2,3082,0
2,3033,0
2,3053,0
2,3049,0
2,3066,0
2,3018,0
2,3032,0
2,3005,0
2,3087,0
2,3068,0
3,5429,0
2,3053,0
2,3029,0
2,3029,0
2,3059,0
3,5458,0
2,2972,0
2,3053,0
2,3099,0
2,3031,0
2,3054,0
2,3021,0
2,3068,0
2,3091,0
2,3085,0
2,3003,0
2,3060,0
2,3055,0
2,3037,0
2,3036,0
2,3070,0
2,3081,0
2,3059,0
3,5423,0
2,3068,0
2,3066,0
2,3047,0
3,5418,0
3,5365,0
2,3020,0
2,3064,0
2,3022,0
2,3064,0
3,5389,0
2,3005,0
2,3076,0
2,3002,0
2,3042,0
2,3116,0
2,3077,0
2,3046,0
2,3097,0
2,3109,0
2,3071,0
2,3045,0
2,3138,0
2,3068,0
2,3064,0
2,3046,0
2,3064,0
2,3069,0
2,3090,0
2,3152,0
2,3037,0
2,3028,0
2,3044,0
2,3068,0
2,3034,0
2,3114,0
2,3016,0
2,3090,0
2,3019,0
2,3078,0
2,3099,0
2,3044,0
2,3098,0
2,3100,0
2,3009,0
2,3023,0
2,3001,0
2,3118,0
2,3099,0
2,3074,0
2,3061,0
2,3079,0
2,3070,0
2,3067,0
2,3110,0
2,3110,0
3,5429,0
2,3111,0
3,5411,0
2,3088,0
2,3119,0
2,3125,0
2,3082,0
2,3069,0
2,3145,0
2,3145,0
2,3073,0
2,3059,0
2,3050,0
2,3030,0
2,3087,0
2,3070,0
2,3104,0
2,3122,0
3,5374,0
2,3110,0
3,5463,0
3,5429,0
2,3008,0
4,7490,0
2,3115,0
2,3074,0
3,5420,0
2,3070,0
2,3128,0
2,3048,0
2,3113,0
2,3050,0
2,3071,0
3,5400,0
2,3128,0
2,3095,0
2,3065,0
2,3092,0
2,3127,0
2,3073,0
2,3118,0
2,3133,0
2,3082,0
2,3062,0
2,3087,0
2,3077,0
2,3093,0
3,5396,0
2,3092,0
4,7630,0
2,3122,0
2,3046,0
2,3081,0
2,3114,0
2,3086,0
2,3100,0
2,3158,0
2,3110,0
2,3070,0
2,3072,0
3,5402,0
2,3148,0
2,3100,0
2,3036,0
2,3045,0
2,3045,0
2,3144,0
2,3094,0
2,3097,0
2,3081,0
2,3097,0
2,3130,0
2,3107,0
3,5491,0
3,5440,0
2,3038,0
2,3114,0
2,3076,0
2,3132,0
2,3134,0
2,3161,0
2,3109,0
2,3093,0
3,5471,0
2,3131,0
3,5416,0
2,3082,0
3,5450,0
2,3139,0
2,3069,0
2,3185,0
2,3105,0
2,3113,0
2,3103,0
2,3130,0
2,3064,0
2,3159,0
2,3094,0
2,3177,0
2,3126,0
2,3086,0
3,5467,0
2,3141,0
2,3052,0
2,3137,0
2,3126,0
2,3108,0
2,3139,0
2,3113,0
2,3096,0
2,3111,0
2,3105,0
2,3101,0
2,3096,0
2,3114,0
2,3147,0
2,3131,0
2,3076,0
2,3124,0
3,5436,0
2,3119,0
2,3137,0
2,3171,0
2,3107,0
2,3076,0
2,3064,0
2,3101,0
2,3117,0
2,3117,0
2,3151,0
2,3111,0
2,3079,0
2,3164,0
2,3157,0
2,3165,0
2,3127,0
2,3129,0
2,3124,0
3,5439,0
2,3132,0
3,5462,0
2,3100,0
2,3069,0
2,3086,0
2,3072,0
2,3069,0
2,3126,0
2,3144,0
2,3121,0
2,3096,0
2,3120,0
2,3177,0
2,3150,0
2,3199,0
2,3108,0
2,3124,0
2,3109,0
2,3121,0
2,3085,0
2,3186,0
2,3147,0
3,5387,0
3,5491,0
2,3129,0
2,3157,0
2,3146,0
2,3164,0
2,3183,0
2,3156,0
2,3174,0
2,3137,0
2,3190,0
2,3133,0
2,3128,0
2,3116,0
2,3193,0
2,3113,0
2,3159,0
2,3129,0
2,3120,0
2,3156,0
2,3194,0
3,5486,0
2,3134,0
2,3161,0
2,3117,0
5,9870,0
2,3187,0
2,3194,0
2,3112,0
2,3119,0
2,3114,0
2,3160,0
2,3130,0
3,5369,0
2,3140,0
2,3154,0
2,3173,0
2,3157,0
2,3240,0
2,3144,0
2,3145,0
3,5402,0
2,3103,0
2,3138,0
2,3172,0
2,3173,0
2,3140,0
2,3181,0
2,3158,0
2,3190,0
3,5469,0
2,3175,0
2,3201,0
2,3125,0
2,3142,0
2,3162,0
3,5322,0
2,3214,0
2,3151,0
2,3148,0
2,3155,0
2,3139,0
3,5412,0
2,3177,0
3,5432,0
3,5344,0
2,3125,0
2,3156,0
2,3154,0
2,3205,0
2,3184,0
2,3173,0
2,3190,0
2,3152,0
2,3166,0
2,3205,0
2,3169,0
2,3114,0
2,3156,0
2,3183,0
2,3171,0
2,3164,0
2,3208,0
2,3171,0
2,3181,0
2,3172,0
2,3105,0
2,3093,0
2,3200,0
2,3148,0
2,3157,0
2,3202,0
2,3189,0
2,3163,0
2,3187,0
2,3185,0
2,3204,0
2,3213,0
2,3164,0
2,3204,0
2,3165,0
2,3198,0
2,3155,0
2,3211,0
2,3249,0
2,3170,0
2,3175,0
2,3153,0
2,3133,0
2,3157,0
3,5412,0
2,3146,0
2,3178,0
2,3163,0
2,3160,0
2,3127,0
2,3144,0
2,3213,0
3,5573,0
2,3197,0
2,3170,0
2,3155,0
2,3220,0
2,3147,0
2,3166,0
2,3234,0
2,3178,0
2,3164,0
2,3171,0
2,3108,0
2,3235,0
2,3195,0
2,3160,0
2,3212,0
2,3196,0
2,3172,0
2,3240,0
2,3160,0
5,10075,0
2,3227,0
2,3187,0
2,3241,0
2,3191,0
2,3233,0
2,3194,0
2,3187,0
2,3182,0
2,3180,0
2,3178,0
2,3209,0
2,3155,0
2,3216,0
2,3227,0
2,3202,0
2,3209,0
2,3188,0
2,3223,0
2,3199,0
2,3200,0
2,3213,0
2,3228,0
2,3187,0
2,3229,0
2,3213,0
2,3226,0
2,3244,0
2,3173,0
3,5450,0
2,3195,0
2,3225,0
2,3170,0
2,3173,0
2,3164,0
2,3212,0
2,3178,0
2,3174,0
2,3168,0
2,3201,0
2,3218,0
2,3243,0
2,3238,0
2,3209,0
2,3261,0
2,3205,0
3,5435,0
3,5377,0
2,3278,0
2,3211,0
2,3275,0
2,3273,0
2,3215,0
2,3223,0
2,3188,0
2,3214,0
2,3232,0
2,3204,0
2,3195,0
2,3192,0
2,3270,0
2,3213,0
2,3233,0
2,3223,0
2,3303,0
2,3255,0
2,3273,0
4,7592,0
2,3191,0
2,3256,0
2,3262,0
2,3204,0
2,3183,0
2,3236,0
2,3220,0
2,3162,0
3,5475,0
3,5422,0
2,3262,0
2,3216,0
2,3208,0
2,3241,0
2,3251,0
2,3192,0
2,3225,0
2,3164,0
2,3238,0
3,5325,0
2,3202,0
2,3224,0
2,3238,0
2,3197,0
2,3218,0
2,3221,0
2,3306,0
2,3203,0
2,3270,0
2,3333,0
2,3241,0
2,3272,0
3,5491,0
2,3243,0
2,3235,0
2,3218,0
2,3239,0
2,3222,0
2,3261,0
2,3253,0
2,3219,0
2,3252,0
2,3196,0
2,3235,0
2,3242,0
2,3261,0
2,3231,0
2,3225,0
3,5383,0
2,3243,0
3,5420,0
2,3225,0
3,5422,0
2,3181,0
2,3184,0
2,3228,0
2,3227,0
4,7748,0
2,3232,0
2,3196,0
2,3232,0
2,3305,0
2,3263,0
2,3254,0
2,3269,0
2,3248,0
2,3205,0
2,3280,0
2,3169,0
2,3233,0
2,3277,0
2,3310,0
2,3273,0
2,3236,0
2,3199,0
2,3268,0
2,3242,0
2,3200,0
2,3266,0
2,3283,0
2,3230,0
2,3243,0
2,3278,0
2,3250,0
2,3260,0
2,3232,0
2,3288,0
2,3237,0
2,3206,0
3,5538,0
2,3252,0
2,3263,0
2,3288,0
2,3213,0
2,3207,0
3,5379,0
2,3300,0
2,3264,0
2,3251,0
3,5413,0
2,3284,0
2,3151,0
2,3232,0
2,3263,0
2,3298,0
2,3251,0
2,3262,0
2,3234,0
2,3270,0
2,3288,0
2,3223,0
2,3236,0
2,3271,0
2,3259,0
2,3310,0
2,3228,0
2,3233,0
2,3276,0
2,3245,0
2,3264,0
2,3266,0
2,3233,0
2,3242,0
2,3254,0
3,5498,0
2,3254,0
2,3260,0
2,3292,0
2,3247,0
2,3173,0
2,3257,0
2,3261,0
2,3266,0
2,3283,0
3,5441,0
2,3272,0
2,3232,0
2,3267,0
2,3254,0
2,3271,0
2,3256,0
2,3289,0
2,3292,0
2,3274,0
2,3290,0
2,3211,0
2,3178,0
2,3276,0
2,3280,0
2,3273,0
2,3303,0
3,5471,0
3,5402,0
2,3302,0
2,3288,0
2,3242,0
2,3298,0
2,3255,0
2,3321,0
2,3262,0
2,3263,0
2,3339,0
2,3251,0
2,3288,0
2,3260,0
2,3259,0
2,3309,0
2,3345,0
2,3331,0
2,3361,0
2,3233,0
2,3223,0
2,3295,0
2,3334,0
2,3239,0
2,3316,0
2,3268,0
2,3352,0
2,3322,0
3,5531,0
2,3237,0
2,3280,0
2,3318,0
2,3298,0
2,3232,0
2,3319,0
3,5536,0
2,3268,0
2,3274,0
2,3268,0
2,3320,0
2,3277,0
3,5538,0
2,3289,0
2,3310,0
2,3322,0
2,3261,0
2,3307,0
2,3276,0
2,3299,0
2,3352,0
2,3264,0
2,3326,0
2,3297,0
2,3290,0
2,3285,0
2,3306,0
2,3289,0
2,3310,0
4,7648,0
3,5441,0
2,3343,0
2,3241,0
2,3314,0
2,3299,0
2,3327,0
2,3291,0
2,3315,0
2,3267,0
2,3298,0
3,5506,0
2,3320,0
2,3292,0
2,3294,0
2,3299,0
2,3307,0
2,3319,0
3,5442,0
2,3289,0
2,3273,0
2,3274,0
2,3319,0
2,3354,0
2,3366,0
2,3330,0
2,3289,0
2,3358,0
2,3296,0
2,3335,0
2,3269,0
2,3371,0
2,3358,0
2,3295,0
2,3304,0
2,3323,0
2,3319,0
2,3274,0
2,3360,0
2,3322,0
2,3312,0
2,3261,0
2,3324,0
2,3330,0
2,3260,0
2,3297,0
3,5419,0
2,3341,0
2,3353,0
2,3349,0
2,3300,0
2,3326,0
2,3290,0
2,3364,0
2,3370,0
3,5479,0
2,3311,0
2,3365,0
2,3302,0
3,5444,0
2,3322,0
2,3297,0
2,3309,0
2,3319,0
2,3396,0
2,3310,0
2,3290,0
2,3281,0
2,3331,0
3,5467,0
2,3323,0
2,3298,0
2,3348,0
2,3369,0
2,3346,0
2,3314,0
2,3366,0
2,3345,0
2,3376,0
2,3321,0
2,3338,0
2,3396,0
2,3292,0
2,3323,0
2,3239,0
2,3340,0
2,3363,0
2,3342,0
2,3320,0
2,3293,0
2,3318,0
2,3364,0
2,3371,0
3,5470,0
2,3296,0
2,3343,0
2,3342,0
2,3349,0
2,3341,0
2,3343,0
2,3385,0
2,3354,0
2,3324,0
2,3348,0
2,3365,0
2,3356,0
2,3365,0
2,3371,0
2,3315,0
2,3352,0
2,3386,0
2,3352,0
2,3365,0
2,3314,0
2,3369,0
2,3412,0
2,3370,0
2,3381,0
3,5446,0
2,3344,0
2,3301,0
3,5458,0
2,3365,0
2,3357,0
2,3352,0
3,5507,0
2,3363,0
2,3359,0
2,3317,0
2,3334,0
2,3329,0
2,3419,0
2,3384,0
2,3380,0
2,3371,0
2,3358,0
2,3384,0
2,3340,0
2,3371,0
2,3355,0
2,3372,0
2,3406,0
2,3351,0
2,3369,0
2,3462,0
2,3321,0
2,3394,0
2,3395,0
2,3409,0
2,3347,0
2,3373,0
2,3391,0
2,3363,0
2,3386,0
2,3407,0
2,3437,0
2,3358,0
2,3392,0
3,5577,0
2,3402,0
2,3391,0
2,3372,0
2,3372,0
2,3366,0
2,3409,0
2,3388,0
2,3358,0
2,3445,0
2,3420,0
2,3412,0
2,3382,0
3,5583,0
2,3365,0
2,3386,0
2,3302,0
2,3389,0
2,3364,0
2,3354,0
2,3357,0
2,3401,0
2,3414,0
2,3391,0
2,3383,0
2,3404,0
2,3381,0
2,3428,0
2,3405,0
2,3406,0
2,3440,0
2,3362,0
2,3388,0
2,3417,0
2,3372,0
2,3369,0
2,3436,0
2,3404,0
2,3381,0
2,3453,0
2,3370,0
2,3333,0
2,3393,0
2,3440,0
2,3400,0
2,3314,0
3,5434,0
2,3405,0
3,5436,0
2,3363,0
2,3408,0
2,3414,0
2,3365,0
2,3440,0
2,3381,0
2,3346,0
2,3414,0
2,3336,0
2,3409,0
2,3412,0
2,3361,0
2,3465,0
2,3367,0
3,5557,0
2,3376,0
2,3405,0
2,3365,0
2,3385,0
2,3447,0
2,3465,0
2,3377,0
2,3368,0
2,3393,0
2,3447,0
2,3421,0
2,3427,0
3,5573,0
2,3431,0
2,3416,0
2,3379,0
2,3432,0
2,3443,0
2,3382,0
2,3390,0
2,3392,0
2,3421,0
2,3439,0
2,3373,0
2,3467,0
2,3389,0
2,3486,0
2,3406,0
2,3392,0
2,3423,0
2,3397,0
2,3361,0
2,3443,0
2,3375,0
2,3435,0
2,3460,0
2,3435,0
2,3451,0
2,3438,0
2,3489,0
2,3421,0
2,3357,0
2,3445,0
2,3465,0
2,3405,0
2,3420,0
2,3425,0
2,3392,0
2,3465,0
2,3417,0
2,3452,0
2,3401,0
2,3398,0
2,3437,0
2,3461,0
2,3422,0
2,3489,0
2,3434,0
2,3417,0
2,3451,0
2,3452,0
3,5522,0
2,3450,0
3,5457,0
2,3352,0
2,3458,0
2,3382,0
2,3445,0
2,3444,0
2,3439,0
2,3411,0
2,3411,0
2,3370,0
2,3448,0
2,3498,0
2,3441,0
2,3442,0
2,3453,0
2,3456,0
2,3381,0
2,3521,0
2,3512,0
2,3464,0
2,3471,0
2,3448,0
2,3473,0
2,3432,0
2,3412,0
2,3489,0
2,3492,0
2,3367,0
2,3470,0
2,3519,0
2,3482,0
2,3447,0
2,3445,0
3,5590,0
2,3442,0
2,3407,0
2,3441,0
2,3449,0
2,3459,0
2,3490,0
2,3522,0
2,3434,0
2,3428,0
2,3449,0
2,3472,0
2,3453,0
2,3423,0
2,3466,0
2,3551,0
2,3494,0
2,3514,0
2,3458,0
2,3466,0
2,3400,0
2,3436,0
2,3378,0
2,3436,0
2,3421,0
2,3414,0
2,3489,0
2,3429,0
2,3483,0
2,3465,0
2,3463,0
2,3429,0
2,3520,0
2,3518,0
2,3515,0
2,3449,0
2,3499,0
2,3512,0
2,3500,0
2,3487,0
2,3460,0
2,3440,0
2,3441,0
2,3430,0
2,3506,0
2,3468,0
2,3435,0
2,3453,0
2,3474,0
2,3478,0
2,3474,0
2,3489,0
2,3478,0
2,3477,0
2,3443,0
2,3528,0
2,3518,0
2,3531,0
2,3551,0
2,3441,0
2,3540,0
2,3544,0
2,3467,0
2,3525,0
2,3504,0
2,3500,0
2,3499,0
2,3428,0
2,3480,0
2,3510,0
2,3481,0
2,3440,0
2,3515,0
2,3517,0
2,3468,0
2,3414,0
2,3595,0
2,3507,0
2,3493,0
2,3519,0
2,3521,0
2,3504,0
2,3481,0
2,3484,0
2,3471,0
2,3479,0
2,3487,0
2,3473,0
2,3512,0
2,3488,0
2,3492,0
2,3445,0
2,3492,0
2,3474,0
2,3455,0
2,3486,0
2,3568,0
3,5459,0
2,3502,0
2,3474,0
2,3523,0
2,3488,0
2,3515,0
2,3529,0
2,3583,0
2,3518,0
2,3504,0
2,3489,0
2,3528,0
2,3578,0
2,3513,0
2,3595,0
2,3553,0
2,3511,0
2,3497,0
2,3463,0
2,3518,0
2,3526,0
2,3642,0
2,3461,0
2,3538,0
2,3559,0
2,3546,0
2,3521,0
2,3517,0
2,3517,0
2,3483,0
2,3513,0
2,3552,0
2,3513,0
2,3578,0
2,3563,0
2,3521,0
2,3532,0
2,3508,0
2,3504,0
2,3577,0
2,3525,0
2,3464,0
2,3509,0
2,3513,0
2,3470,0
2,3532,0
2,3518,0
2,3580,0
2,3494,0
2,3531,0
2,3490,0
2,3553,0
2,3546,0
2,3526,0
2,3528,0
2,3517,0
2,3515,0
2,3494,0
2,3610,0
2,3535,0
2,3512,0
2,3541,0
2,3676,0
2,3540,0
2,3560,0
2,3593,0
2,3551,0
2,3530,0
2,3549,0
2,3594,0
2,3568,0
2,3542,0
2,3541,0
2,3526,0
2,3552,0
2,3607,0
2,3490,0
2,3565,0
2,3559,0
2,3543,0
2,3588,0
2,3594,0
2,3578,0
2,3533,0
2,3531,0
2,3573,0
2,3511,0
2,3536,0
2,3525,0
2,3575,0
2,3586,0
2,3536,0
2,3569,0
2,3594,0
2,3522,0
2,3594,0
2,3613,0
2,3503,0
2,3560,0
2,3559,0
2,3583,0
2,3590,0
2,3512,0
2,3570,0
2,3534,0
2,3550,0
2,3639,0
2,3534,0
2,3560,0
2,3553,0
2,3587,0
2,3554,0
2,3584,0
2,3535,0
2,3532,0
2,3542,0
2,3628,0
2,3628,0
2,3587,0
2,3552,0
2,3584,0
2,3607,0
2,3607,0
2,3568,0
2,3480,0
2,3569,0
2,3583,0
2,3546,0
2,3588,0
2,3568,0
2,3494,0
2,3543,0
2,3503,0
2,3606,0
2,3522,0
2,3574,0
2,3582,0
2,3565,0
2,3604,0
2,3561,0
2,3636,0
2,3566,0
2,3567,0
2,3557,0
2,3605,0
2,3576,0
2,3581,0
2,3577,0
2,3615,0
2,3586,0
2,3545,0
2,3633,0
2,3591,0
2,3642,0
2,3597,0
2,3603,0
2,3562,0
2,3617,0
2,3593,0
2,3621,0
2,3648,0
2,3645,0
2,3640,0
2,3600,0
2,3562,0
2,3606,0
2,3569,0
2,3582,0
2,3650,0
2,3568,0
2,3604,0
2,3609,0
2,3612,0
2,3654,0
2,3576,0
2,3597,0
2,3631,0
2,3628,0
2,3628,0
2,3586,0
2,3626,0
2,3552,0
2,3576,0
2,3612,0
2,3637,0
2,3648,0
2,3599,0
2,3605,0
2,3607,0
2,3598,0
2,3626,0
