1,5
2,3
4,5
4,3
2,6
5,6
2,7
5,7
1,8
7,8
1,9
2,9
9,10
6,10
1,11
5,11
5,12
10,12
10,13
11,13
13,14
5,14
1,15
14,15
11,16
5,16
9,17
10,17
11,18
2,18
1,19
5,19
9,20
1,20
6,21
21,21
5,22
8,22
21,23
1,23
1,24
19,24
24,25
21,25
2,26
17,26
14,27
25,27
14,28
26,28
1,29
16,29
6,30
21,30
5,31
9,31
14,32
19,32
10,33
5,33
5,34
2,34
27,35
22,35
31,36
14,36
11,37
17,37
31,38
18,38
31,39
1,39
5,40
10,40
9,41
14,41
19,42
6,42
28,43
18,43
2,44
41,44
41,45
24,45
11,46
33,46
26,47
31,47
41,48
27,48
8,49
20,49
14,50
48,50
46,51
40,51
7,52
21,52
19,53
17,53
41,54
22,54
17,55
20,55
30,56
2,56
6,57
2,57
29,58
25,58
24,59
19,59
1,60
4,60
1,61
6,61
24,62
9,62
44,63
61,63
1,64
14,64
13,65
15,65
21,66
28,66
1,67
2,67
58,68
55,68
9,69
21,69
63,70
10,70
41,71
6,71
10,72
5,72
17,73
1,73
1,74
14,74
68,75
1,75
12,76
14,76
9,77
29,77
2,78
74,78
31,79
4,79
40,80
23,80
5,81
19,81
56,82
32,82
46,83
5,83
63,84
36,84
7,85
19,85
10,86
18,86
49,87
85,87
58,88
57,88
36,89
9,89
74,90
44,90
58,91
40,91
8,92
21,92
10,93
16,93
6,94
40,94
40,95
20,95
6,96
21,96
10,97
5,97
1,98
10,98
38,99
52,99
74,100
31,100
6,101
85,101
2,102
5,102
81,103
10,103
29,104
31,104
53,105
9,105
88,106
6,106
100,107
13,107
17,108
90,108
1,109
23,109
34,110
14,110
25,111
67,111
17,112
1,112
8,113
103,113
86,114
8,114
77,115
5,115
31,116
10,116
11,117
61,117
72,118
14,118
79,119
58,119
8,120
27,120
106,121
1,121
54,122
17,122
63,123
13,123
74,124
114,124
26,125
30,125
5,126
125,126
39,127
36,127
6,128
10,128
5,129
82,129
31,130
55,130
103,131
48,131
75,132
8,132
107,133
110,133
47,134
27,134
1,135
2,135
21,136
49,136
47,137
24,137
104,138
74,138
41,139
2,139
44,140
28,140
97,141
39,141
83,142
31,142
5,143
10,143
10,144
98,144
25,145
38,145
56,146
117,146
64,147
93,147
58,148
5,148
5,149
6,149
60,150
61,150
4,151
142,151
115,152
96,152
54,153
46,153
19,154
8,154
80,155
37,155
144,156
100,156
30,157
79,157
50,158
5,158
75,159
132,159
74,160
144,160
107,161
6,161
48,162
24,162
41,163
21,163
19,164
111,164
82,165
8,165
41,166
31,166
15,167
47,167
53,168
117,168
44,169
158,169
95,170
9,170
7,171
117,171
2,172
55,172
9,173
95,173
26,174
60,174
17,175
40,175
132,176
41,176
2,177
177,177
5,178
57,178
2,179
31,179
117,180
41,180
4,181
27,181
83,182
56,182
5,183
40,183
76,184
153,184
36,185
1,185
83,186
32,186
26,187
61,187
19,188
93,188
21,189
153,189
19,190
1,190
62,191
14,191
185,192
176,192
36,193
165,193
161,194
158,194
31,195
83,195
152,196
47,196
74,197
55,197
1,198
60,198
169,199
9,199
180,200
99,200
15,201
105,201
24,202
66,202
189,203
10,203
72,204
51,204
27,205
192,205
165,206
19,206
53,207
36,207
47,208
159,208
48,209
55,209
44,210
5,210
5,211
51,211
1,212
47,212
122,213
93,213
104,214
39,214
118,215
8,215
16,216
200,216
5,217
112,217
187,218
64,218
183,219
44,219
11,220
93,220
2,221
100,221
109,222
48,222
211,223
14,223
13,224
88,224
34,225
119,225
29,226
103,226
27,227
13,227
34,228
121,228
48,229
222,229
166,230
23,230
117,231
86,231
14,232
166,232
123,233
34,233
52,234
17,234
5,235
173,235
68,236
5,236
14,237
39,237
27,238
161,238
200,239
40,239
10,240
142,240
240,241
227,241
50,242
74,242
149,243
68,243
31,244
36,244
19,245
192,245
107,246
24,246
120,247
157,247
127,248
85,248
47,249
11,249
48,250
236,250
112,251
63,251
1,252
97,252
26,253
2,253
199,254
15,254
93,255
5,255
44,256
171,256
154,257
1,257
158,258
7,258
60,259
76,259
103,260
4,260
27,261
249,261
5,262
107,262
56,263
5,263
86,264
82,264
6,265
88,265
103,266
246,266
10,267
167,267
195,268
80,268
201,269
27,269
203,270
35,270
121,271
55,271
147,272
7,272
82,273
156,273
97,274
80,274
52,275
34,275
154,276
40,276
80,277
57,277
31,278
210,278
9,279
40,279
31,280
133,280
165,281
11,281
31,282
97,282
264,283
230,283
1,284
19,284
5,285
243,285
210,286
17,286
209,287
236,287
282,288
177,288
177,289
36,289
24,290
4,290
6,291
103,291
222,292
5,292
6,293
2,293
239,294
269,294
13,295
30,295
10,296
82,296
76,297
199,297
161,298
257,298
232,299
6,299
54,300
117,300
2,301
166,301
18,302
40,302
67,303
107,303
9,304
106,304
141,305
179,305
55,306
279,306
5,307
9,307
21,308
180,308
237,309
74,309
40,310
16,310
83,311
2,311
164,312
55,312
194,313
19,313
311,314
300,314
306,315
17,315
117,316
36,316
238,317
94,317
40,318
219,318
196,319
18,319
34,320
274,320
71,321
54,321
133,322
21,322
20,323
154,323
38,324
5,324
142,325
18,325
5,326
8,326
46,327
122,327
31,328
320,328
74,329
173,329
4,330
136,330
19,331
204,331
295,332
117,332
316,333
33,333
41,334
332,334
14,335
75,335
132,336
311,336
32,337
7,337
40,338
203,338
83,339
5,339
41,340
292,340
10,341
20,341
117,342
140,342
279,343
216,343
2,344
1,344
233,345
6,345
31,346
282,346
17,347
330,347
6,348
97,348
193,349
17,349
192,350
270,350
58,351
229,351
77,352
176,352
289,353
74,353
23,354
5,354
5,355
205,355
15,356
51,356
294,357
1,357
229,358
222,358
288,359
41,359
23,360
53,360
243,361
7,361
53,362
342,362
47,363
5,363
149,364
14,364
147,365
24,365
39,366
71,366
178,367
41,367
60,368
57,368
33,369
356,369
51,370
40,370
95,371
53,371
190,372
37,372
286,373
5,373
60,374
115,374
19,375
14,375
117,376
82,376
121,377
159,377
10,378
24,378
117,379
197,379
167,380
9,380
125,381
14,381
14,382
1,382
1,383
328,383
82,384
378,384
28,385
9,385
26,386
158,386
176,387
179,387
47,388
240,388
2,389
159,389
248,390
29,390
50,391
265,391
149,392
2,392
40,393
320,393
10,394
74,394
30,395
348,395
4,396
119,396
14,397
97,397
41,398
14,398
120,399
29,399
167,400
156,400
103,401
80,401
117,402
240,402
11,403
80,403
147,404
200,404
402,405
125,405
40,406
374,406
31,407
6,407
129,408
17,408
92,409
152,409
1,410
107,410
5,411
30,411
337,412
54,412
12,413
411,413
173,414
238,414
9,415
27,415
5,416
7,416
192,417
361,417
76,418
14,418
5,419
68,419
6,420
398,420
222,421
82,421
349,422
97,422
44,423
112,423
88,424
58,424
22,425
48,425
76,426
408,426
56,427
124,427
2,428
214,428
83,429
361,429
46,430
2,430
178,431
1,431
76,432
395,432
197,433
49,433
158,434
199,434
158,435
147,435
274,436
128,436
1,437
97,437
2,438
74,438
82,439
4,439
153,440
61,440
5,441
14,441
67,442
212,442
98,443
402,443
46,444
154,444
432,445
392,445
157,446
378,446
207,447
198,447
31,448
117,448
95,449
96,449
24,450
239,450
298,451
212,451
199,452
74,452
127,453
195,453
440,454
9,454
20,455
69,455
123,456
342,456
342,457
325,457
21,458
340,458
14,459
23,459
43,460
339,460
125,461
127,461
5,462
154,462
9,463
449,463
200,464
288,464
213,465
10,465
48,466
53,466
63,467
5,467
334,468
53,468
104,469
40,469
167,470
100,470
26,471
80,471
150,472
415,472
22,473
177,473
159,474
29,474
133,475
425,475
191,476
55,476
165,477
47,477
84,478
398,478
236,479
25,479
53,480
196,480
189,481
365,481
201,482
165,482
318,483
14,483
157,484
27,484
20,485
144,485
10,486
141,486
142,487
466,487
442,488
295,488
29,489
5,489
470,490
440,490
301,491
47,491
226,492
2,492
478,493
153,493
21,494
107,494
463,495
260,495
10,496
378,496
58,497
93,497
495,498
5,498
170,499
258,499
457,500
9,500
